
<!DOCTYPE html>
<html>
<head>
    <title>Inkscape Output</title>
</head>
<body>
    <canvas id='canvas' width='210' height='297'></canvas>
    <script>
    var ctx = document.getElementById("canvas").getContext("2d");
    	
// #layer1
	
// #g2
	ctx.save();
	ctx.transform(0.388994, 0.000000, 0.000000, 0.336465, 0.324960, 218.804000);
	
// #path26
	ctx.save();
	ctx.beginPath();
	ctx.transform(0.479249, 0.000000, 0.000000, -0.479255, 73.860900, 106.072000);
	ctx.fillStyle = 'rgb(236, 104, 58)';
	ctx.moveTo(0.000000, 0.000000);
	ctx.bezierCurveTo(-21.903000, 4.484000, -49.990000, -5.978000, -63.746000, 11.647000);
	ctx.bezierCurveTo(-71.654000, 21.780000, -69.752000, 36.077000, -69.090000, 48.913000);
	ctx.bezierCurveTo(-67.601000, 77.752000, -75.060000, 107.813000, -93.786000, 129.796000);
	ctx.bezierCurveTo(-112.512000, 151.778000, -143.425000, 164.163000, -171.359000, 156.845000);
	ctx.bezierCurveTo(-175.863000, 155.665000, -181.267000, 151.512000, -178.862000, 147.526000);
	ctx.lineTo(-192.843000, -18.097000);
	ctx.bezierCurveTo(-172.507000, -65.996000, -128.546000, -103.175000, -77.935000, -115.278000);
	ctx.bezierCurveTo(-53.961000, -121.011000, -27.964000, -121.197000, -5.388000, -111.300000);
	ctx.bezierCurveTo(17.189000, -101.403000, 35.605000, -80.251000, 38.054000, -55.722000);
	ctx.bezierCurveTo(40.504000, -31.194000, 24.150000, -4.944000, 0.000000, 0.000000);
	ctx.fill();
	ctx.restore();
	
// #g5
	ctx.save();
	ctx.transform(-1.235630, -0.062202, 0.060744, -1.265290, 186.854000, 39.892100);
	
// #g9
	ctx.save();
	ctx.transform(1.000000, 0.000000, 0.000000, 1.000000, 44.743900, -28.526200);
	
// #path30
	ctx.save();
	ctx.beginPath();
	ctx.transform(0.548142, 0.000000, 0.000000, -0.386420, 64.277700, -9.443250);
	ctx.fillStyle = 'rgb(56, 53, 44)';
	ctx.moveTo(0.000000, 0.000000);
	ctx.bezierCurveTo(-2.764000, -46.971000, 10.275000, -97.687000, 49.372000, -127.252000);
	ctx.bezierCurveTo(49.755000, -127.542000, 50.123000, -126.896000, 49.748000, -126.609000);
	ctx.bezierCurveTo(11.015000, -96.931000, -1.957000, -46.848000, 0.799000, 0.000000);
	ctx.bezierCurveTo(0.829000, 0.514000, 0.030000, 0.512000, 0.000000, 0.000000);
	ctx.fill();
	ctx.restore();
	
// #path32
	ctx.save();
	ctx.beginPath();
	ctx.transform(0.548142, 0.000000, 0.000000, -0.386420, 65.064500, 2.916630);
	ctx.fillStyle = 'rgb(56, 53, 44)';
	ctx.moveTo(0.000000, 0.000000);
	ctx.bezierCurveTo(-4.959000, -10.763000, -9.196000, -21.886000, -12.670000, -33.263000);
	ctx.bezierCurveTo(-14.265000, -38.485000, -15.653000, -44.372000, -13.235000, -49.273000);
	ctx.bezierCurveTo(-12.431000, -50.904000, -10.489000, -52.460000, -9.053000, -51.408000);
	ctx.bezierCurveTo(-8.437000, -50.957000, -8.165000, -50.164000, -7.950000, -49.415000);
	ctx.bezierCurveTo(-5.523000, -40.949000, -6.073000, -31.830000, -4.070000, -23.243000);
	ctx.bezierCurveTo(-2.384000, -16.010000, 1.123000, -8.795000, -0.345000, -1.489000);
	ctx.fill();
	ctx.restore();
	
// #path34
	ctx.save();
	ctx.beginPath();
	ctx.transform(0.548142, 0.000000, 0.000000, -0.386420, 64.935600, 2.863500);
	ctx.fillStyle = 'rgb(56, 53, 44)';
	ctx.moveTo(0.000000, 0.000000);
	ctx.bezierCurveTo(-4.966000, -10.462000, -9.142000, -21.326000, -12.542000, -32.397000);
	ctx.bezierCurveTo(-13.763000, -36.374000, -15.058000, -40.665000, -14.620000, -44.881000);
	ctx.bezierCurveTo(-14.394000, -47.053000, -13.263000, -52.269000, -10.066000, -52.255000);
	ctx.bezierCurveTo(-4.881000, -52.232000, -5.300000, -37.190000, -4.978000, -33.865000);
	ctx.bezierCurveTo(-4.347000, -27.338000, -2.973000, -21.389000, -1.147000, -15.125000);
	ctx.bezierCurveTo(0.177000, -10.589000, 1.056000, -6.240000, 0.214000, -1.537000);
	ctx.bezierCurveTo(0.148000, -1.169000, -0.492000, -1.249000, -0.446000, -1.626000);
	ctx.bezierCurveTo(0.559000, -9.843000, -2.875000, -17.145000, -4.518000, -25.018000);
	ctx.bezierCurveTo(-5.250000, -28.521000, -5.575000, -32.075000, -5.925000, -35.630000);
	ctx.bezierCurveTo(-6.308000, -39.521000, -5.882000, -45.251000, -7.873000, -48.597000);
	ctx.bezierCurveTo(-11.343000, -54.428000, -13.908000, -45.148000, -13.915000, -43.162000);
	ctx.bezierCurveTo(-13.923000, -40.982000, -13.477000, -38.811000, -12.957000, -36.705000);
	ctx.bezierCurveTo(-12.019000, -32.904000, -10.717000, -29.170000, -9.462000, -25.465000);
	ctx.bezierCurveTo(-6.561000, -16.906000, -3.157000, -8.549000, 0.470000, -0.275000);
	ctx.bezierCurveTo(0.609000, 0.040000, 0.152000, 0.320000, 0.000000, 0.000000);
	ctx.fill();
	ctx.restore();
	
// #path36
	ctx.save();
	ctx.beginPath();
	ctx.transform(0.548142, 0.000000, 0.000000, -0.386420, 64.686400, 2.525420);
	ctx.fillStyle = 'rgb(56, 53, 44)';
	ctx.moveTo(0.000000, 0.000000);
	ctx.bezierCurveTo(8.939000, -9.985000, 21.471000, -15.455000, 33.233000, -21.537000);
	ctx.bezierCurveTo(39.187000, -24.616000, 45.360000, -28.244000, 48.529000, -34.296000);
	ctx.bezierCurveTo(48.876000, -34.957000, 49.187000, -35.663000, 49.226000, -36.412000);
	ctx.bezierCurveTo(49.311000, -38.042000, 48.079000, -39.454000, 46.683000, -40.207000);
	ctx.bezierCurveTo(43.971000, -41.670000, 40.592000, -41.294000, 37.798000, -39.962000);
	ctx.bezierCurveTo(35.005000, -38.630000, 32.681000, -36.449000, 30.441000, -34.266000);
	ctx.bezierCurveTo(19.682000, -23.780000, 9.709000, -12.433000, 0.641000, -0.362000);
	ctx.fill();
	ctx.restore();
	
// #path38
	ctx.save();
	ctx.beginPath();
	ctx.transform(0.548142, 0.000000, 0.000000, -0.386420, 64.535000, 2.632110);
	ctx.fillStyle = 'rgb(56, 53, 44)';
	ctx.moveTo(0.000000, 0.000000);
	ctx.bezierCurveTo(5.727000, -6.472000, 12.891000, -11.064000, 20.418000, -15.191000);
	ctx.bezierCurveTo(28.574000, -19.662000, 38.836000, -23.038000, 45.196000, -30.080000);
	ctx.bezierCurveTo(46.086000, -31.065000, 47.444000, -32.381000, 47.871000, -33.660000);
	ctx.bezierCurveTo(48.587000, -35.805000, 46.063000, -39.667000, 43.980000, -40.168000);
	ctx.bezierCurveTo(40.144000, -41.090000, 36.065000, -38.129000, 33.373000, -35.767000);
	ctx.bezierCurveTo(29.665000, -32.513000, 26.253000, -28.838000, 22.867000, -25.258000);
	ctx.bezierCurveTo(15.232000, -17.185000, 8.091000, -8.673000, 1.395000, 0.194000);
	ctx.bezierCurveTo(0.971000, 0.756000, 0.008000, 0.203000, 0.439000, -0.365000);
	ctx.bezierCurveTo(8.653000, -11.220000, 17.530000, -21.546000, 27.137000, -31.194000);
	ctx.bezierCurveTo(31.298000, -35.374000, 43.259000, -47.543000, 49.241000, -38.628000);
	ctx.bezierCurveTo(54.064000, -31.441000, 38.284000, -23.039000, 33.830000, -20.712000);
	ctx.bezierCurveTo(22.009000, -14.537000, 9.988000, -9.189000, 0.552000, 0.552000);
	ctx.bezierCurveTo(0.200000, 0.916000, -0.331000, 0.374000, 0.000000, 0.000000);
	ctx.fill();
	ctx.restore();
	
// #path40
	ctx.save();
	ctx.beginPath();
	ctx.transform(0.548142, 0.000000, 0.000000, -0.386420, 68.232000, 15.105100);
	ctx.fillStyle = 'rgb(56, 53, 44)';
	ctx.moveTo(0.000000, 0.000000);
	ctx.bezierCurveTo(-2.672000, -9.359000, -5.344000, -18.719000, -8.015000, -28.078000);
	ctx.bezierCurveTo(-9.293000, -32.555000, -10.542000, -37.524000, -8.596000, -41.761000);
	ctx.bezierCurveTo(-7.945000, -43.180000, -6.883000, -44.482000, -5.450000, -45.002000);
	ctx.bezierCurveTo(-4.017000, -45.521000, -2.202000, -45.047000, -1.481000, -43.674000);
	ctx.bezierCurveTo(-1.048000, -42.850000, -1.053000, -41.860000, -1.081000, -40.920000);
	ctx.bezierCurveTo(-1.263000, -34.645000, -1.934000, -28.361000, -1.496000, -22.104000);
	ctx.bezierCurveTo(-0.988000, -14.848000, 1.002000, -7.553000, -0.361000, -0.403000);
	ctx.fill();
	ctx.restore();
	
// #path42
	ctx.save();
	ctx.beginPath();
	ctx.transform(0.548142, 0.000000, 0.000000, -0.386420, 68.160000, 15.091100);
	ctx.fillStyle = 'rgb(56, 53, 44)';
	ctx.moveTo(0.000000, 0.000000);
	ctx.bezierCurveTo(-3.518000, -10.329000, -7.091000, -21.116000, -9.438000, -31.777000);
	ctx.bezierCurveTo(-10.345000, -35.895000, -10.812000, -45.616000, -4.369000, -45.872000);
	ctx.bezierCurveTo(2.222000, -46.134000, -0.634000, -35.133000, -0.792000, -31.541000);
	ctx.bezierCurveTo(-1.249000, -21.133000, 1.786000, -10.624000, 0.200000, -0.321000);
	ctx.bezierCurveTo(0.113000, 0.244000, -0.743000, 0.003000, -0.658000, -0.558000);
	ctx.bezierCurveTo(0.449000, -7.864000, -1.368000, -14.885000, -1.917000, -22.140000);
	ctx.bezierCurveTo(-2.178000, -25.585000, -2.092000, -29.035000, -1.946000, -32.483000);
	ctx.bezierCurveTo(-1.879000, -34.052000, -1.789000, -35.621000, -1.720000, -37.190000);
	ctx.bezierCurveTo(-1.673000, -38.131000, -1.636000, -39.073000, -1.608000, -40.015000);
	ctx.bezierCurveTo(-1.220000, -42.542000, -3.124000, -43.367000, -7.321000, -42.490000);
	ctx.bezierCurveTo(-12.020000, -38.191000, -6.611000, -25.643000, -5.256000, -20.762000);
	ctx.bezierCurveTo(-3.348000, -13.891000, -1.348000, -7.021000, 0.263000, -0.072000);
	ctx.bezierCurveTo(0.302000, 0.099000, 0.056000, 0.165000, 0.000000, 0.000000);
	ctx.fill();
	ctx.restore();
	
// #path44
	ctx.save();
	ctx.beginPath();
	ctx.transform(0.548142, 0.000000, 0.000000, -0.386420, 67.904600, 14.658800);
	ctx.fillStyle = 'rgb(56, 53, 44)';
	ctx.moveTo(0.000000, 0.000000);
	ctx.bezierCurveTo(7.078000, -3.525000, 14.155000, -7.051000, 21.233000, -10.576000);
	ctx.bezierCurveTo(24.027000, -11.968000, 26.849000, -13.377000, 29.269000, -15.388000);
	ctx.bezierCurveTo(31.688000, -17.398000, 33.704000, -20.093000, 34.349000, -23.225000);
	ctx.bezierCurveTo(34.487000, -23.896000, 34.558000, -24.607000, 34.348000, -25.256000);
	ctx.bezierCurveTo(33.958000, -26.461000, 32.670000, -27.144000, 31.441000, -27.212000);
	ctx.bezierCurveTo(28.955000, -27.349000, 26.794000, -25.550000, 24.913000, -23.849000);
	ctx.bezierCurveTo(16.763000, -16.480000, 8.699000, -9.009000, 0.724000, -1.438000);
	ctx.fill();
	ctx.restore();
	
// #path46
	ctx.save();
	ctx.beginPath();
	ctx.transform(0.548142, 0.000000, 0.000000, -0.386420, 67.779000, 14.810300);
	ctx.fillStyle = 'rgb(56, 53, 44)';
	ctx.moveTo(0.000000, 0.000000);
	ctx.bezierCurveTo(5.732000, -3.231000, 11.704000, -6.051000, 17.585000, -8.999000);
	ctx.bezierCurveTo(23.085000, -11.757000, 29.915000, -14.423000, 32.852000, -20.242000);
	ctx.lineTo(33.953000, -23.857000);
	ctx.bezierCurveTo(31.931000, -24.177000, 29.909000, -24.497000, 27.886000, -24.817000);
	ctx.bezierCurveTo(26.591000, -24.455000, 23.838000, -21.397000, 22.723000, -20.398000);
	ctx.bezierCurveTo(20.556000, -18.456000, 18.389000, -16.514000, 16.241000, -14.550000);
	ctx.bezierCurveTo(11.230000, -9.969000, 6.312000, -5.286000, 1.409000, -0.590000);
	ctx.bezierCurveTo(0.809000, -0.016000, -0.109000, -0.933000, 0.497000, -1.502000);
	ctx.bezierCurveTo(8.040000, -8.579000, 15.603000, -15.645000, 23.241000, -22.620000);
	ctx.bezierCurveTo(25.581000, -24.756000, 32.810000, -31.128000, 35.227000, -25.243000);
	ctx.bezierCurveTo(37.232000, -20.362000, 30.802000, -14.749000, 27.326000, -12.538000);
	ctx.bezierCurveTo(19.080000, -7.293000, 9.405000, -3.119000, 0.458000, 0.784000);
	ctx.bezierCurveTo(-0.063000, 1.012000, -0.522000, 0.294000, 0.000000, 0.000000);
	ctx.fill();
	ctx.restore();
	
// #path48
	ctx.save();
	ctx.beginPath();
	ctx.transform(0.548142, 0.000000, 0.000000, -0.386420, 72.856300, 23.622100);
	ctx.fillStyle = 'rgb(56, 53, 44)';
	ctx.moveTo(0.000000, 0.000000);
	ctx.bezierCurveTo(-2.410000, -10.495000, -2.914000, -21.467000, -1.475000, -32.178000);
	ctx.bezierCurveTo(-1.299000, -33.495000, -1.065000, -34.876000, -0.254000, -35.913000);
	ctx.bezierCurveTo(0.557000, -36.949000, 2.138000, -37.466000, 3.158000, -36.664000);
	ctx.bezierCurveTo(3.954000, -36.038000, 4.134000, -34.885000, 4.162000, -33.848000);
	ctx.bezierCurveTo(4.234000, -31.176000, 3.702000, -28.528000, 3.228000, -25.896000);
	ctx.bezierCurveTo(1.676000, -17.287000, 0.720000, -8.567000, 0.369000, 0.174000);
	ctx.fill();
	ctx.restore();
	
// #path50
	ctx.save();
	ctx.beginPath();
	ctx.transform(0.548142, 0.000000, 0.000000, -0.386420, 72.702700, 23.592200);
	ctx.fillStyle = 'rgb(56, 53, 44)';
	ctx.moveTo(0.000000, 0.000000);
	ctx.bezierCurveTo(-2.267000, -8.678000, -3.029000, -17.615000, -2.374000, -26.564000);
	ctx.bezierCurveTo(-2.166000, -29.407000, -2.469000, -37.938000, 2.280000, -37.701000);
	ctx.bezierCurveTo(6.244000, -37.504000, 4.936000, -31.396000, 4.581000, -28.997000);
	ctx.bezierCurveTo(3.158000, -19.379000, 0.597000, -9.693000, 1.212000, 0.097000);
	ctx.bezierCurveTo(1.260000, 0.867000, -0.025000, 0.804000, 0.106000, -0.052000);
	ctx.bezierCurveTo(1.000000, -5.874000, 1.063000, -11.792000, 1.730000, -17.640000);
	ctx.bezierCurveTo(1.983000, -19.859000, 2.314000, -22.063000, 2.680000, -24.266000);
	ctx.bezierCurveTo(3.054000, -26.516000, 4.774000, -31.108000, 3.879000, -33.125000);
	ctx.bezierCurveTo(4.159000, -34.411000, 3.444000, -34.595000, 1.736000, -33.674000);
	ctx.bezierCurveTo(-0.113000, -34.163000, -0.901000, -33.569000, -0.628000, -31.893000);
	ctx.bezierCurveTo(-1.086000, -30.670000, -0.999000, -28.826000, -1.102000, -27.514000);
	ctx.bezierCurveTo(-1.326000, -24.662000, -1.410000, -21.803000, -1.372000, -18.942000);
	ctx.bezierCurveTo(-1.287000, -12.626000, -0.537000, -6.370000, 0.560000, -0.154000);
	ctx.bezierCurveTo(0.624000, 0.207000, 0.096000, 0.368000, 0.000000, 0.000000);
	ctx.fill();
	ctx.restore();
	
// #path52
	ctx.save();
	ctx.beginPath();
	ctx.transform(0.548142, 0.000000, 0.000000, -0.386420, 72.987500, 23.631500);
	ctx.fillStyle = 'rgb(56, 53, 44)';
	ctx.moveTo(0.000000, 0.000000);
	ctx.bezierCurveTo(6.368000, -3.260000, 12.786000, -6.551000, 18.394000, -11.070000);
	ctx.bezierCurveTo(20.255000, -12.569000, 22.095000, -14.314000, 22.832000, -16.627000);
	ctx.bezierCurveTo(23.101000, -17.472000, 23.178000, -18.493000, 22.613000, -19.157000);
	ctx.bezierCurveTo(22.271000, -19.558000, 21.750000, -19.752000, 21.236000, -19.821000);
	ctx.bezierCurveTo(19.005000, -20.122000, 17.022000, -18.401000, 15.437000, -16.736000);
	ctx.bezierCurveTo(10.644000, -11.702000, 6.384000, -6.023000, 0.789000, -1.971000);
	ctx.fill();
	ctx.restore();
	
// #path54
	ctx.save();
	ctx.beginPath();
	ctx.transform(0.548142, 0.000000, 0.000000, -0.386420, 72.856900, 23.789000);
	ctx.fillStyle = 'rgb(56, 53, 44)';
	ctx.moveTo(0.000000, 0.000000);
	ctx.bezierCurveTo(3.892000, -2.063000, 7.804000, -4.118000, 11.541000, -6.456000);
	ctx.bezierCurveTo(13.828000, -7.886000, 16.083000, -9.410000, 18.161000, -11.134000);
	ctx.bezierCurveTo(18.917000, -11.737000, 19.639000, -12.379000, 20.327000, -13.059000);
	ctx.bezierCurveTo(23.324000, -15.569000, 22.240000, -16.854000, 17.074000, -16.917000);
	ctx.bezierCurveTo(15.675000, -16.336000, 14.071000, -13.729000, 13.071000, -12.605000);
	ctx.bezierCurveTo(11.746000, -11.115000, 10.446000, -9.603000, 9.089000, -8.141000);
	ctx.bezierCurveTo(6.686000, -5.553000, 4.155000, -3.161000, 1.339000, -1.030000);
	ctx.bezierCurveTo(0.705000, -0.551000, 0.089000, -1.622000, 0.716000, -2.096000);
	ctx.bezierCurveTo(6.290000, -6.315000, 10.317000, -11.888000, 15.270000, -16.734000);
	ctx.bezierCurveTo(16.966000, -18.395000, 20.912000, -21.790000, 23.301000, -19.096000);
	ctx.bezierCurveTo(25.844000, -16.229000, 20.817000, -11.616000, 19.036000, -10.139000);
	ctx.bezierCurveTo(13.503000, -5.550000, 6.876000, -2.353000, 0.477000, 0.815000);
	ctx.bezierCurveTo(-0.064000, 1.083000, -0.541000, 0.287000, 0.000000, 0.000000);
	ctx.fill();
	ctx.restore();
	
// #path56
	ctx.save();
	ctx.beginPath();
	ctx.transform(0.548142, 0.000000, 0.000000, -0.386420, 80.925100, 32.460700);
	ctx.fillStyle = 'rgb(56, 53, 44)';
	ctx.moveTo(0.000000, 0.000000);
	ctx.bezierCurveTo(8.873000, -6.301000, 19.532000, -10.089000, 26.995000, -18.112000);
	ctx.bezierCurveTo(28.161000, -19.366000, 29.271000, -20.785000, 29.621000, -22.482000);
	ctx.bezierCurveTo(29.971000, -24.179000, 29.327000, -26.199000, 27.790000, -26.878000);
	ctx.bezierCurveTo(26.162000, -27.596000, 24.320000, -26.623000, 22.829000, -25.617000);
	ctx.bezierCurveTo(13.778000, -19.504000, 6.267000, -10.961000, 1.244000, -1.068000);
	ctx.fill();
	ctx.restore();
	
// #path58
	ctx.save();
	ctx.beginPath();
	ctx.transform(0.548142, 0.000000, 0.000000, -0.386420, 80.847300, 32.554600);
	ctx.fillStyle = 'rgb(56, 53, 44)';
	ctx.moveTo(0.000000, 0.000000);
	ctx.bezierCurveTo(4.435000, -3.213000, 9.250000, -5.749000, 13.968000, -8.510000);
	ctx.bezierCurveTo(16.196000, -9.813000, 18.401000, -11.161000, 20.498000, -12.669000);
	ctx.bezierCurveTo(22.082000, -13.808000, 28.049000, -17.768000, 28.394000, -20.100000);
	ctx.bezierCurveTo(27.062000, -21.954000, 25.730000, -23.809000, 24.399000, -25.664000);
	ctx.bezierCurveTo(23.775000, -25.303000, 23.172000, -24.909000, 22.591000, -24.482000);
	ctx.bezierCurveTo(21.127000, -23.476000, 19.728000, -22.372000, 18.370000, -21.227000);
	ctx.bezierCurveTo(16.372000, -19.544000, 14.474000, -17.735000, 12.697000, -15.821000);
	ctx.bezierCurveTo(8.393000, -11.186000, 5.023000, -5.993000, 1.888000, -0.532000);
	ctx.bezierCurveTo(1.510000, 0.126000, 0.568000, -0.451000, 0.884000, -1.118000);
	ctx.bezierCurveTo(4.500000, -8.743000, 9.987000, -15.528000, 16.376000, -21.013000);
	ctx.bezierCurveTo(19.047000, -23.307000, 25.759000, -30.217000, 29.316000, -26.134000);
	ctx.bezierCurveTo(37.087000, -17.215000, 4.890000, -2.547000, 0.284000, 0.486000);
	ctx.bezierCurveTo(-0.023000, 0.688000, -0.288000, 0.209000, 0.000000, 0.000000);
	ctx.fill();
	ctx.restore();
	ctx.restore();
	ctx.restore();
	
// #g3
	ctx.save();
	ctx.transform(1.000000, 0.000000, 0.000000, 1.000000, 48.269200, -8.182060);
	
// #path70
	ctx.save();
	ctx.beginPath();
	ctx.transform(0.548142, 0.000000, 0.000000, -0.386420, -5.332050, 193.171000);
	ctx.fillStyle = 'rgb(251, 219, 167)';
	ctx.moveTo(0.000000, 0.000000);
	ctx.bezierCurveTo(53.544000, 18.544000, 103.136000, 57.238000, 116.632000, 114.698000);
	ctx.bezierCurveTo(116.766000, 115.265000, 115.897000, 115.506000, 115.760000, 114.939000);
	ctx.bezierCurveTo(101.953000, 57.822000, 53.188000, 19.447000, -0.258000, 0.937000);
	ctx.bezierCurveTo(-0.845000, 0.733000, -0.593000, -0.205000, 0.000000, 0.000000);
	ctx.fill();
	ctx.restore();
	
// #path72
	ctx.save();
	ctx.beginPath();
	ctx.transform(0.548142, 0.000000, 0.000000, -0.386420, 13.674900, 186.846000);
	ctx.fillStyle = 'rgb(251, 219, 167)';
	ctx.moveTo(0.000000, 0.000000);
	ctx.bezierCurveTo(14.279000, -0.687000, 28.606000, -0.388000, 42.843000, 0.896000);
	ctx.bezierCurveTo(49.378000, 1.486000, 56.548000, 2.616000, 60.789000, 7.623000);
	ctx.bezierCurveTo(62.200000, 9.288000, 62.978000, 12.214000, 61.122000, 13.363000);
	ctx.bezierCurveTo(60.326000, 13.855000, 59.319000, 13.801000, 58.389000, 13.700000);
	ctx.bezierCurveTo(47.871000, 12.565000, 38.071000, 7.742000, 27.624000, 6.068000);
	ctx.bezierCurveTo(18.825000, 4.657000, 9.165000, 5.326000, 1.810000, 0.293000);
	ctx.fill();
	ctx.restore();
	
// #path74
	ctx.save();
	ctx.beginPath();
	ctx.transform(0.548142, 0.000000, 0.000000, -0.386420, 13.674900, 186.974000);
	ctx.fillStyle = 'rgb(251, 219, 167)';
	ctx.moveTo(0.000000, 0.000000);
	ctx.bezierCurveTo(14.681000, -0.885000, 29.621000, -0.714000, 44.252000, 0.881000);
	ctx.bezierCurveTo(49.062000, 1.405000, 64.459000, 4.019000, 62.631000, 12.127000);
	ctx.bezierCurveTo(61.962000, 15.092000, 58.888000, 14.584000, 56.514000, 14.276000);
	ctx.bezierCurveTo(49.813000, 13.406000, 43.385000, 10.968000, 36.934000, 9.073000);
	ctx.bezierCurveTo(30.180000, 7.089000, 23.504000, 6.326000, 16.538000, 5.583000);
	ctx.bezierCurveTo(11.233000, 5.018000, 6.081000, 4.020000, 1.604000, 0.977000);
	ctx.bezierCurveTo(1.174000, 0.684000, 1.556000, 0.005000, 2.016000, 0.271000);
	ctx.bezierCurveTo(10.226000, 5.030000, 19.510000, 4.677000, 28.594000, 6.183000);
	ctx.bezierCurveTo(33.543000, 7.003000, 38.316000, 8.506000, 43.107000, 9.956000);
	ctx.bezierCurveTo(45.359000, 10.638000, 47.612000, 11.320000, 49.892000, 11.904000);
	ctx.bezierCurveTo(51.027000, 12.194000, 52.168000, 12.472000, 53.315000, 12.712000);
	ctx.bezierCurveTo(53.889000, 12.826000, 54.463000, 12.940000, 55.038000, 13.055000);
	ctx.bezierCurveTo(57.546000, 14.484000, 59.104000, 13.910000, 59.710000, 11.333000);
	ctx.bezierCurveTo(61.361000, 8.556000, 60.754000, 8.334000, 58.481000, 6.456000);
	ctx.bezierCurveTo(57.392000, 5.557000, 56.359000, 4.980000, 55.079000, 4.394000);
	ctx.bezierCurveTo(53.159000, 3.515000, 51.167000, 2.939000, 49.094000, 2.542000);
	ctx.bezierCurveTo(43.856000, 1.537000, 38.437000, 1.299000, 33.124000, 0.979000);
	ctx.bezierCurveTo(22.089000, 0.314000, 11.046000, 0.334000, 0.000000, 0.662000);
	ctx.bezierCurveTo(-0.429000, 0.675000, -0.423000, 0.025000, 0.000000, 0.000000);
	ctx.fill();
	ctx.restore();
	
// #path76
	ctx.save();
	ctx.beginPath();
	ctx.transform(0.548142, 0.000000, 0.000000, -0.386420, 13.245200, 187.329000);
	ctx.fillStyle = 'rgb(251, 219, 167)';
	ctx.moveTo(0.000000, 0.000000);
	ctx.bezierCurveTo(6.697000, 14.764000, 6.673000, 31.540000, 7.697000, 47.720000);
	ctx.bezierCurveTo(8.216000, 55.911000, 9.235000, 64.603000, 14.382000, 70.995000);
	ctx.bezierCurveTo(14.945000, 71.693000, 15.573000, 72.372000, 16.380000, 72.761000);
	ctx.bezierCurveTo(18.138000, 73.608000, 20.294000, 72.856000, 21.800000, 71.615000);
	ctx.bezierCurveTo(24.726000, 69.202000, 25.946000, 65.185000, 25.827000, 61.394000);
	ctx.bezierCurveTo(25.708000, 57.603000, 24.425000, 53.956000, 23.098000, 50.402000);
	ctx.bezierCurveTo(16.728000, 33.336000, 9.028000, 16.768000, 0.089000, 0.896000);
	ctx.fill();
	ctx.restore();
	
// #path78
	ctx.save();
	ctx.beginPath();
	ctx.transform(0.548142, 0.000000, 0.000000, -0.386420, 13.469900, 187.422000);
	ctx.fillStyle = 'rgb(251, 219, 167)';
	ctx.moveTo(0.000000, 0.000000);
	ctx.bezierCurveTo(4.579000, 9.900000, 6.125000, 20.603000, 7.014000, 31.387000);
	ctx.bezierCurveTo(7.963000, 42.898000, 6.650000, 56.493000, 12.156000, 67.025000);
	ctx.bezierCurveTo(13.713000, 70.003000, 13.655000, 69.614000, 17.838000, 70.023000);
	ctx.bezierCurveTo(22.318000, 70.461000, 23.206000, 70.163000, 24.349000, 65.727000);
	ctx.bezierCurveTo(25.225000, 62.330000, 24.618000, 58.743000, 23.661000, 55.437000);
	ctx.bezierCurveTo(21.997000, 49.682000, 19.521000, 44.069000, 17.215000, 38.547000);
	ctx.bezierCurveTo(11.911000, 25.841000, 5.827000, 13.485000, -0.902000, 1.475000);
	ctx.bezierCurveTo(-1.326000, 0.718000, -0.162000, 0.038000, 0.261000, 0.795000);
	ctx.bezierCurveTo(8.260000, 15.106000, 15.325000, 29.917000, 21.294000, 45.189000);
	ctx.bezierCurveTo(23.646000, 51.206000, 26.846000, 57.851000, 25.890000, 64.491000);
	ctx.bezierCurveTo(25.341000, 68.303000, 23.007000, 72.970000, 18.860000, 73.840000);
	ctx.bezierCurveTo(14.245000, 74.808000, 11.660000, 69.776000, 10.084000, 66.258000);
	ctx.bezierCurveTo(7.518000, 60.529000, 6.926000, 54.150000, 6.515000, 47.960000);
	ctx.bezierCurveTo(5.439000, 31.773000, 5.376000, 15.626000, -0.868000, 0.366000);
	ctx.bezierCurveTo(-1.070000, -0.128000, -0.225000, -0.487000, 0.000000, 0.000000);
	ctx.fill();
	ctx.restore();
	
// #path80
	ctx.save();
	ctx.beginPath();
	ctx.transform(0.548142, 0.000000, 0.000000, -0.386420, 31.226700, 178.695000);
	ctx.fillStyle = 'rgb(251, 219, 167)';
	ctx.moveTo(0.000000, 0.000000);
	ctx.bezierCurveTo(11.623000, 1.268000, 23.246000, 2.537000, 34.869000, 3.805000);
	ctx.bezierCurveTo(40.429000, 4.412000, 46.518000, 5.279000, 50.253000, 9.442000);
	ctx.bezierCurveTo(51.504000, 10.836000, 52.428000, 12.644000, 52.308000, 14.513000);
	ctx.bezierCurveTo(52.188000, 16.383000, 50.787000, 18.229000, 48.923000, 18.418000);
	ctx.bezierCurveTo(47.803000, 18.531000, 46.714000, 18.069000, 45.689000, 17.605000);
	ctx.bezierCurveTo(38.851000, 14.510000, 32.240000, 10.854000, 25.121000, 8.472000);
	ctx.bezierCurveTo(16.867000, 5.710000, 7.853000, 4.617000, 0.619000, -0.225000);
	ctx.fill();
	ctx.restore();
	
// #path82
	ctx.save();
	ctx.beginPath();
	ctx.transform(0.548142, 0.000000, 0.000000, -0.386420, 31.226700, 178.759000);
	ctx.fillStyle = 'rgb(251, 219, 167)';
	ctx.moveTo(0.000000, 0.000000);
	ctx.bezierCurveTo(12.583000, 0.689000, 25.381000, 1.919000, 37.868000, 3.627000);
	ctx.bezierCurveTo(43.435000, 4.389000, 54.863000, 7.587000, 52.917000, 15.577000);
	ctx.bezierCurveTo(50.753000, 24.465000, 36.924000, 14.344000, 32.789000, 12.467000);
	ctx.bezierCurveTo(22.284000, 7.699000, 10.167000, 6.597000, 0.346000, 0.408000);
	ctx.bezierCurveTo(-0.241000, 0.038000, 0.300000, -0.898000, 0.892000, -0.526000);
	ctx.bezierCurveTo(7.935000, 3.888000, 15.926000, 5.120000, 23.741000, 7.502000);
	ctx.bezierCurveTo(27.085000, 8.521000, 30.324000, 9.804000, 33.514000, 11.227000);
	ctx.bezierCurveTo(35.626000, 12.168000, 37.707000, 13.174000, 39.794000, 14.168000);
	ctx.bezierCurveTo(40.837000, 14.669000, 41.881000, 15.166000, 42.926000, 15.660000);
	ctx.bezierCurveTo(44.737000, 17.091000, 46.247000, 16.459000, 47.456000, 13.765000);
	ctx.bezierCurveTo(50.944000, 12.431000, 51.361000, 10.909000, 48.706000, 9.199000);
	ctx.bezierCurveTo(47.717000, 8.342000, 46.633000, 7.641000, 45.452000, 7.095000);
	ctx.bezierCurveTo(43.610000, 6.212000, 41.598000, 5.729000, 39.604000, 5.347000);
	ctx.bezierCurveTo(35.177000, 4.498000, 30.627000, 4.164000, 26.152000, 3.643000);
	ctx.bezierCurveTo(17.421000, 2.626000, 8.633000, 1.748000, -0.044000, 0.325000);
	ctx.bezierCurveTo(-0.228000, 0.295000, -0.185000, -0.010000, 0.000000, 0.000000);
	ctx.fill();
	ctx.restore();
	
// #path84
	ctx.save();
	ctx.beginPath();
	ctx.transform(0.548142, 0.000000, 0.000000, -0.386420, 30.686200, 179.163000);
	ctx.fillStyle = 'rgb(251, 219, 167)';
	ctx.moveTo(0.000000, 0.000000);
	ctx.bezierCurveTo(0.468000, 9.674000, 0.936000, 19.349000, 1.403000, 29.023000);
	ctx.bezierCurveTo(1.588000, 32.843000, 1.779000, 36.702000, 2.828000, 40.380000);
	ctx.bezierCurveTo(3.876000, 44.058000, 5.876000, 47.592000, 9.022000, 49.766000);
	ctx.bezierCurveTo(9.696000, 50.232000, 10.446000, 50.641000, 11.263000, 50.701000);
	ctx.bezierCurveTo(12.782000, 50.811000, 14.159000, 49.661000, 14.829000, 48.293000);
	ctx.bezierCurveTo(16.182000, 45.529000, 15.241000, 42.242000, 14.274000, 39.320000);
	ctx.bezierCurveTo(10.082000, 26.656000, 5.736000, 14.043000, 1.237000, 1.485000);
	ctx.fill();
	ctx.restore();
	
// #path86
	ctx.save();
	ctx.beginPath();
	ctx.transform(0.548142, 0.000000, 0.000000, -0.386420, 30.988800, 179.163000);
	ctx.fillStyle = 'rgb(251, 219, 167)';
	ctx.moveTo(0.000000, 0.000000);
	ctx.bezierCurveTo(0.798000, 8.031000, 1.021000, 16.127000, 1.432000, 24.186000);
	ctx.bezierCurveTo(1.670000, 28.844000, 1.640000, 33.722000, 2.683000, 38.289000);
	ctx.bezierCurveTo(3.305000, 41.012000, 5.005000, 47.022000, 7.997000, 48.236000);
	ctx.bezierCurveTo(15.833000, 51.416000, 14.059000, 43.618000, 13.397000, 41.026000);
	ctx.bezierCurveTo(12.959000, 39.308000, 12.311000, 37.597000, 11.763000, 35.912000);
	ctx.bezierCurveTo(10.583000, 32.289000, 9.405000, 28.666000, 8.187000, 25.056000);
	ctx.bezierCurveTo(5.547000, 17.230000, 2.750000, 9.456000, -0.071000, 1.694000);
	ctx.bezierCurveTo(-0.415000, 0.746000, 1.107000, 0.328000, 1.441000, 1.277000);
	ctx.bezierCurveTo(5.341000, 12.361000, 9.164000, 23.475000, 12.969000, 34.592000);
	ctx.bezierCurveTo(14.279000, 38.419000, 19.292000, 50.781000, 11.263000, 51.542000);
	ctx.bezierCurveTo(4.635000, 52.170000, 1.280000, 41.452000, 0.599000, 36.650000);
	ctx.bezierCurveTo(-1.084000, 24.787000, -1.136000, 11.975000, -1.104000, 0.000000);
	ctx.bezierCurveTo(-1.102000, -0.724000, -0.069000, -0.694000, 0.000000, 0.000000);
	ctx.fill();
	ctx.restore();
	
// #path88
	ctx.save();
	ctx.beginPath();
	ctx.transform(0.548142, 0.000000, 0.000000, -0.386420, 42.325200, 171.066000);
	ctx.fillStyle = 'rgb(251, 219, 167)';
	ctx.moveTo(0.000000, 0.000000);
	ctx.bezierCurveTo(12.750000, 2.088000, 25.104000, 6.566000, 36.231000, 13.132000);
	ctx.bezierCurveTo(37.599000, 13.940000, 39.010000, 14.841000, 39.762000, 16.241000);
	ctx.bezierCurveTo(40.515000, 17.641000, 40.320000, 19.677000, 38.942000, 20.468000);
	ctx.bezierCurveTo(37.865000, 21.086000, 36.506000, 20.760000, 35.347000, 20.315000);
	ctx.bezierCurveTo(32.364000, 19.166000, 29.698000, 17.342000, 27.023000, 15.591000);
	ctx.bezierCurveTo(18.270000, 9.864000, 9.108000, 4.762000, -0.371000, 0.339000);
	ctx.fill();
	ctx.restore();
	
// #path90
	ctx.save();
	ctx.beginPath();
	ctx.transform(0.548142, 0.000000, 0.000000, -0.386420, 42.325200, 171.203000);
	ctx.fillStyle = 'rgb(251, 219, 167)';
	ctx.moveTo(0.000000, 0.000000);
	ctx.bezierCurveTo(8.863000, 1.155000, 17.466000, 3.594000, 25.637000, 7.223000);
	ctx.bezierCurveTo(29.551000, 8.961000, 42.145000, 12.970000, 40.819000, 19.120000);
	ctx.bezierCurveTo(39.526000, 25.118000, 31.189000, 19.417000, 28.706000, 17.818000);
	ctx.bezierCurveTo(19.475000, 11.875000, 9.974000, 4.792000, -0.553000, 1.352000);
	ctx.bezierCurveTo(-1.518000, 1.037000, -0.852000, -0.424000, -0.025000, 0.101000);
	ctx.bezierCurveTo(5.677000, 3.723000, 11.971000, 6.382000, 17.881000, 9.647000);
	ctx.bezierCurveTo(20.845000, 11.286000, 23.723000, 13.059000, 26.571000, 14.890000);
	ctx.bezierCurveTo(27.734000, 15.638000, 32.860000, 19.906000, 34.217000, 19.464000);
	ctx.bezierCurveTo(34.769000, 17.676000, 35.320000, 15.889000, 35.871000, 14.101000);
	ctx.bezierCurveTo(35.112000, 13.653000, 34.347000, 13.218000, 33.573000, 12.796000);
	ctx.bezierCurveTo(32.289000, 12.085000, 30.991000, 11.397000, 29.677000, 10.742000);
	ctx.bezierCurveTo(26.055000, 8.936000, 22.325000, 7.350000, 18.529000, 5.947000);
	ctx.bezierCurveTo(12.468000, 3.707000, 6.218000, 2.055000, -0.094000, 0.694000);
	ctx.bezierCurveTo(-0.476000, 0.612000, -0.399000, -0.052000, 0.000000, 0.000000);
	ctx.fill();
	ctx.restore();
	
// #path92
	ctx.save();
	ctx.beginPath();
	ctx.transform(0.548142, 0.000000, 0.000000, -0.386420, 42.276500, 170.957000);
	ctx.fillStyle = 'rgb(251, 219, 167)';
	ctx.moveTo(0.000000, 0.000000);
	ctx.bezierCurveTo(0.518000, 8.745000, 1.047000, 17.561000, 3.322000, 26.021000);
	ctx.bezierCurveTo(4.077000, 28.828000, 5.112000, 31.724000, 7.309000, 33.627000);
	ctx.bezierCurveTo(8.111000, 34.322000, 9.201000, 34.880000, 10.207000, 34.543000);
	ctx.bezierCurveTo(10.815000, 34.338000, 11.282000, 33.835000, 11.607000, 33.282000);
	ctx.bezierCurveTo(13.018000, 30.883000, 12.077000, 27.835000, 11.007000, 25.265000);
	ctx.bezierCurveTo(7.769000, 17.496000, 3.560000, 10.035000, 1.794000, 1.805000);
	ctx.fill();
	ctx.restore();
	
// #path94
	ctx.save();
	ctx.beginPath();
	ctx.transform(0.548142, 0.000000, 0.000000, -0.386420, 42.591200, 170.957000);
	ctx.fillStyle = 'rgb(251, 219, 167)';
	ctx.moveTo(0.000000, 0.000000);
	ctx.bezierCurveTo(0.408000, 5.553000, 0.789000, 11.132000, 1.625000, 16.640000);
	ctx.bezierCurveTo(1.999000, 19.108000, 2.460000, 21.566000, 3.057000, 23.990000);
	ctx.bezierCurveTo(3.322000, 25.066000, 3.590000, 26.157000, 3.935000, 27.211000);
	ctx.bezierCurveTo(4.965000, 30.361000, 4.447000, 31.671000, 8.135000, 29.591000);
	ctx.bezierCurveTo(11.327000, 27.791000, 10.835000, 28.178000, 9.697000, 25.365000);
	ctx.bezierCurveTo(9.168000, 24.057000, 8.586000, 22.774000, 8.001000, 21.491000);
	ctx.bezierCurveTo(7.001000, 19.297000, 5.963000, 17.120000, 4.990000, 14.913000);
	ctx.bezierCurveTo(3.142000, 10.720000, 1.553000, 6.472000, 0.496000, 2.005000);
	ctx.bezierCurveTo(0.274000, 1.065000, 1.721000, 0.664000, 1.944000, 1.605000);
	ctx.bezierCurveTo(3.907000, 9.906000, 8.090000, 17.179000, 11.106000, 25.080000);
	ctx.bezierCurveTo(12.133000, 27.770000, 13.898000, 33.937000, 9.726000, 35.227000);
	ctx.bezierCurveTo(5.016000, 36.683000, 2.470000, 28.222000, 1.741000, 25.326000);
	ctx.bezierCurveTo(-0.342000, 17.053000, -0.760000, 8.484000, -1.148000, 0.000000);
	ctx.bezierCurveTo(-1.182000, -0.743000, -0.054000, -0.730000, 0.000000, 0.000000);
	ctx.fill();
	ctx.restore();
	
// #path96
	ctx.save();
	ctx.beginPath();
	ctx.transform(0.548142, 0.000000, 0.000000, -0.386420, 52.261200, 160.527000);
	ctx.fillStyle = 'rgb(251, 219, 167)';
	ctx.moveTo(0.000000, 0.000000);
	ctx.bezierCurveTo(2.664000, 12.994000, 1.689000, 26.864000, 6.935000, 39.047000);
	ctx.bezierCurveTo(7.755000, 40.950000, 8.784000, 42.867000, 10.488000, 44.046000);
	ctx.bezierCurveTo(12.192000, 45.225000, 14.733000, 45.423000, 16.226000, 43.986000);
	ctx.bezierCurveTo(17.806000, 42.465000, 17.623000, 39.921000, 17.233000, 37.762000);
	ctx.bezierCurveTo(14.864000, 24.651000, 9.068000, 12.175000, 0.577000, 1.907000);
	ctx.fill();
	ctx.restore();
	
// #path98
	ctx.save();
	ctx.beginPath();
	ctx.transform(0.548142, 0.000000, 0.000000, -0.386420, 52.442100, 160.562000);
	ctx.fillStyle = 'rgb(251, 219, 167)';
	ctx.moveTo(0.000000, 0.000000);
	ctx.bezierCurveTo(1.360000, 6.295000, 1.832000, 12.668000, 2.553000, 19.055000);
	ctx.bezierCurveTo(2.999000, 23.011000, 3.516000, 26.971000, 4.441000, 30.849000);
	ctx.bezierCurveTo(4.838000, 32.514000, 5.292000, 34.172000, 5.854000, 35.790000);
	ctx.bezierCurveTo(6.374000, 37.332000, 6.991000, 38.836000, 7.704000, 40.301000);
	ctx.bezierCurveTo(8.573000, 43.269000, 10.328000, 43.718000, 12.969000, 41.648000);
	ctx.bezierCurveTo(16.309000, 41.908000, 17.420000, 40.699000, 16.302000, 38.019000);
	ctx.bezierCurveTo(16.150000, 37.201000, 15.981000, 36.386000, 15.795000, 35.575000);
	ctx.bezierCurveTo(15.432000, 33.949000, 15.018000, 32.338000, 14.552000, 30.738000);
	ctx.bezierCurveTo(13.481000, 27.066000, 12.146000, 23.483000, 10.546000, 20.008000);
	ctx.bezierCurveTo(7.622000, 13.658000, 3.801000, 7.945000, -0.363000, 2.354000);
	ctx.bezierCurveTo(-0.840000, 1.713000, 0.220000, 0.898000, 0.747000, 1.498000);
	ctx.bezierCurveTo(6.873000, 8.480000, 11.372000, 16.844000, 14.391000, 25.605000);
	ctx.bezierCurveTo(15.798000, 29.688000, 21.241000, 42.472000, 15.107000, 45.265000);
	ctx.bezierCurveTo(1.671000, 51.385000, 0.352000, 6.146000, -0.660000, 0.182000);
	ctx.bezierCurveTo(-0.732000, -0.245000, -0.094000, -0.436000, 0.000000, 0.000000);
	ctx.fill();
	ctx.restore();
	ctx.restore();
	
// #g4
	ctx.save();
	ctx.transform(1.000000, 0.000000, 0.000000, 1.000000, -5.235620, 122.536000);
	
// #path170
	ctx.save();
	ctx.beginPath();
	ctx.transform(0.548142, 0.000000, 0.000000, -0.386420, 15.436200, 26.683300);
	ctx.fillStyle = 'rgb(56, 53, 44)';
	ctx.moveTo(0.000000, 0.000000);
	ctx.bezierCurveTo(-0.574000, -1.190000, -1.208000, -2.347000, -1.928000, -3.456000);
	ctx.bezierCurveTo(-2.655000, -4.579000, -3.747000, -5.641000, -4.038000, -6.965000);
	ctx.bezierCurveTo(-4.487000, -9.002000, -2.486000, -10.418000, -0.674000, -9.552000);
	ctx.bezierCurveTo(0.640000, -8.923000, 1.496000, -7.353000, 2.239000, -6.147000);
	ctx.bezierCurveTo(2.973000, -4.958000, 3.611000, -3.719000, 4.180000, -2.443000);
	ctx.bezierCurveTo(4.712000, -1.250000, 4.526000, 0.158000, 3.311000, 0.868000);
	ctx.bezierCurveTo(2.251000, 1.488000, 0.570000, 1.182000, 0.000000, 0.000000);
	ctx.fill();
	ctx.restore();
	
// #path172
	ctx.save();
	ctx.beginPath();
	ctx.transform(0.548142, 0.000000, 0.000000, -0.386420, 18.976000, 28.677200);
	ctx.fillStyle = 'rgb(56, 53, 44)';
	ctx.moveTo(0.000000, 0.000000);
	ctx.lineTo(-2.083000, -3.394000);
	ctx.bezierCurveTo(-2.788000, -4.542000, -3.670000, -5.679000, -4.017000, -6.992000);
	ctx.bezierCurveTo(-4.619000, -9.269000, -1.801000, -10.858000, -0.123000, -9.259000);
	ctx.bezierCurveTo(0.856000, -8.327000, 1.426000, -6.998000, 2.089000, -5.833000);
	ctx.bezierCurveTo(2.746000, -4.679000, 3.402000, -3.526000, 4.059000, -2.372000);
	ctx.bezierCurveTo(5.559000, 0.264000, 1.582000, 2.577000, 0.000000, 0.000000);
	ctx.fill();
	ctx.restore();
	
// #path174
	ctx.save();
	ctx.beginPath();
	ctx.transform(0.548142, 0.000000, 0.000000, -0.386420, 23.796900, 22.850900);
	ctx.fillStyle = 'rgb(56, 53, 44)';
	ctx.moveTo(0.000000, 0.000000);
	ctx.bezierCurveTo(-0.788000, -1.019000, -1.576000, -2.037000, -2.364000, -3.056000);
	ctx.bezierCurveTo(-3.158000, -4.081000, -4.158000, -5.107000, -4.708000, -6.284000);
	ctx.bezierCurveTo(-5.748000, -8.510000, -3.174000, -10.696000, -1.252000, -8.950000);
	ctx.bezierCurveTo(-0.288000, -8.075000, 0.412000, -6.835000, 1.157000, -5.773000);
	ctx.bezierCurveTo(1.897000, -4.717000, 2.637000, -3.661000, 3.377000, -2.606000);
	ctx.bezierCurveTo(4.762000, -0.630000, 1.498000, 1.936000, 0.000000, 0.000000);
	ctx.fill();
	ctx.restore();
	
// #path176
	ctx.save();
	ctx.beginPath();
	ctx.transform(0.548142, 0.000000, 0.000000, -0.386420, 26.890400, 28.017100);
	ctx.fillStyle = 'rgb(56, 53, 44)';
	ctx.moveTo(0.000000, 0.000000);
	ctx.bezierCurveTo(-0.965000, -1.400000, -1.936000, -2.794000, -2.921000, -4.180000);
	ctx.bezierCurveTo(-3.881000, -5.530000, -4.967000, -6.826000, -5.454000, -8.429000);
	ctx.bezierCurveTo(-6.019000, -10.286000, -3.544000, -11.699000, -2.209000, -10.318000);
	ctx.bezierCurveTo(-1.201000, -9.276000, -0.083000, -8.329000, 0.988000, -7.353000);
	ctx.bezierCurveTo(2.690000, -5.803000, 0.235000, -3.516000, -1.487000, -4.878000);
	ctx.bezierCurveTo(-2.502000, -5.682000, -3.497000, -6.531000, -4.562000, -7.269000);
	ctx.bezierCurveTo(-3.778000, -8.285000, -2.993000, -9.302000, -2.209000, -10.318000);
	ctx.bezierCurveTo(-0.955000, -9.261000, -0.182000, -7.660000, 0.664000, -6.275000);
	ctx.bezierCurveTo(1.548000, -4.829000, 2.446000, -3.392000, 3.351000, -1.958000);
	ctx.bezierCurveTo(4.698000, 0.177000, 1.402000, 2.033000, 0.000000, 0.000000);
	ctx.fill();
	ctx.restore();
	
// #path178
	ctx.save();
	ctx.beginPath();
	ctx.transform(0.548142, 0.000000, 0.000000, -0.386420, 33.082700, 23.701200);
	ctx.fillStyle = 'rgb(56, 53, 44)';
	ctx.moveTo(0.000000, 0.000000);
	ctx.bezierCurveTo(-1.868000, -2.215000, -3.791000, -4.388000, -5.504000, -6.727000);
	ctx.bezierCurveTo(-6.832000, -8.539000, -3.846000, -10.850000, -2.378000, -9.138000);
	ctx.bezierCurveTo(-0.493000, -6.941000, 1.176000, -4.563000, 2.906000, -2.242000);
	ctx.bezierCurveTo(4.153000, -0.569000, 1.352000, 1.604000, 0.000000, 0.000000);
	ctx.fill();
	ctx.restore();
	
// #path180
	ctx.save();
	ctx.beginPath();
	ctx.transform(0.548142, 0.000000, 0.000000, -0.386420, 31.412100, 29.234400);
	ctx.fillStyle = 'rgb(56, 53, 44)';
	ctx.moveTo(0.000000, 0.000000);
	ctx.bezierCurveTo(-1.291000, -1.912000, -2.654000, -3.783000, -3.723000, -5.831000);
	ctx.bezierCurveTo(-4.618000, -7.545000, -2.261000, -9.668000, -0.896000, -8.012000);
	ctx.bezierCurveTo(0.678000, -6.104000, 1.968000, -4.009000, 3.316000, -1.938000);
	ctx.bezierCurveTo(4.673000, 0.146000, 1.374000, 2.034000, 0.000000, 0.000000);
	ctx.fill();
	ctx.restore();
	
// #path182
	ctx.save();
	ctx.beginPath();
	ctx.transform(0.548142, 0.000000, 0.000000, -0.386420, 24.888400, 35.001300);
	ctx.fillStyle = 'rgb(56, 53, 44)';
	ctx.moveTo(0.000000, 0.000000);
	ctx.bezierCurveTo(-1.292000, -1.344000, -2.585000, -2.688000, -3.877000, -4.032000);
	ctx.bezierCurveTo(-5.072000, -5.274000, -6.843000, -6.521000, -6.783000, -8.392000);
	ctx.bezierCurveTo(-6.754000, -9.288000, -6.013000, -10.175000, -5.053000, -10.122000);
	ctx.bezierCurveTo(-3.108000, -10.015000, -2.121000, -8.336000, -0.932000, -6.977000);
	ctx.bezierCurveTo(0.298000, -5.570000, 1.528000, -4.164000, 2.758000, -2.758000);
	ctx.bezierCurveTo(4.396000, -0.885000, 1.758000, 1.828000, 0.000000, 0.000000);
	ctx.fill();
	ctx.restore();
	
// #path184
	ctx.save();
	ctx.beginPath();
	ctx.transform(0.548142, 0.000000, 0.000000, -0.386420, 18.745600, 35.158000);
	ctx.fillStyle = 'rgb(56, 53, 44)';
	ctx.moveTo(0.000000, 0.000000);
	ctx.bezierCurveTo(-0.570000, -0.978000, -1.182000, -1.936000, -1.882000, -2.827000);
	ctx.bezierCurveTo(-2.601000, -3.744000, -3.455000, -4.553000, -4.086000, -5.537000);
	ctx.bezierCurveTo(-4.469000, -6.134000, -4.398000, -6.883000, -4.086000, -7.485000);
	ctx.bezierCurveTo(-3.928000, -7.791000, -3.694000, -8.012000, -3.394000, -8.177000);
	ctx.bezierCurveTo(-2.809000, -8.499000, -2.026000, -8.558000, -1.446000, -8.177000);
	ctx.bezierCurveTo(0.694000, -6.772000, 2.279000, -4.251000, 3.541000, -2.070000);
	ctx.bezierCurveTo(4.864000, 0.219000, 1.330000, 2.281000, 0.000000, 0.000000);
	ctx.fill();
	ctx.restore();
	
// #path186
	ctx.save();
	ctx.beginPath();
	ctx.transform(0.548142, 0.000000, 0.000000, -0.386420, 10.927400, 37.270400);
	ctx.fillStyle = 'rgb(56, 53, 44)';
	ctx.moveTo(0.000000, 0.000000);
	ctx.bezierCurveTo(-1.237000, -1.525000, -2.474000, -3.049000, -3.710000, -4.574000);
	ctx.bezierCurveTo(-4.836000, -5.964000, -6.387000, -7.446000, -6.800000, -9.212000);
	ctx.bezierCurveTo(-7.172000, -10.803000, -5.533000, -12.047000, -4.097000, -11.290000);
	ctx.bezierCurveTo(-2.510000, -10.454000, -1.445000, -8.558000, -0.395000, -7.132000);
	ctx.bezierCurveTo(0.769000, -5.551000, 1.931000, -3.969000, 3.094000, -2.388000);
	ctx.bezierCurveTo(4.408000, -0.602000, 1.410000, 1.738000, 0.000000, 0.000000);
	ctx.fill();
	ctx.restore();
	
// #path188
	ctx.save();
	ctx.beginPath();
	ctx.transform(0.548142, 0.000000, 0.000000, -0.386420, 10.118000, 33.482000);
	ctx.fillStyle = 'rgb(56, 53, 44)';
	ctx.moveTo(0.000000, 0.000000);
	ctx.bezierCurveTo(-1.629000, -2.228000, -3.614000, -4.344000, -5.021000, -6.714000);
	ctx.bezierCurveTo(-6.408000, -9.050000, -3.005000, -10.872000, -1.463000, -8.794000);
	ctx.bezierCurveTo(0.169000, -6.595000, 1.347000, -3.963000, 2.763000, -1.615000);
	ctx.bezierCurveTo(3.850000, 0.186000, 1.190000, 1.626000, 0.000000, 0.000000);
	ctx.fill();
	ctx.restore();
	
// #path190
	ctx.save();
	ctx.beginPath();
	ctx.transform(0.548142, 0.000000, 0.000000, -0.386420, 9.144930, 29.350300);
	ctx.fillStyle = 'rgb(56, 53, 44)';
	ctx.moveTo(0.000000, 0.000000);
	ctx.bezierCurveTo(-0.807000, -0.990000, -1.626000, -1.966000, -2.457000, -2.936000);
	ctx.bezierCurveTo(-3.283000, -3.900000, -4.252000, -4.850000, -4.778000, -6.018000);
	ctx.bezierCurveTo(-5.680000, -8.023000, -3.502000, -9.720000, -1.781000, -8.330000);
	ctx.bezierCurveTo(-0.785000, -7.525000, -0.112000, -6.347000, 0.611000, -5.303000);
	ctx.bezierCurveTo(1.338000, -4.253000, 2.075000, -3.213000, 2.827000, -2.182000);
	ctx.bezierCurveTo(4.021000, -0.545000, 1.292000, 1.585000, 0.000000, 0.000000);
	ctx.fill();
	ctx.restore();
	
// #path192
	ctx.save();
	ctx.beginPath();
	ctx.transform(0.548142, 0.000000, 0.000000, -0.386420, 12.610700, 23.629500);
	ctx.fillStyle = 'rgb(56, 53, 44)';
	ctx.moveTo(0.000000, 0.000000);
	ctx.bezierCurveTo(-0.859000, -1.060000, -1.734000, -2.105000, -2.602000, -3.157000);
	ctx.bezierCurveTo(-3.463000, -4.199000, -4.486000, -5.320000, -4.723000, -6.690000);
	ctx.bezierCurveTo(-4.983000, -8.198000, -3.633000, -9.211000, -2.255000, -8.587000);
	ctx.bezierCurveTo(-0.991000, -8.016000, -0.162000, -6.740000, 0.628000, -5.649000);
	ctx.bezierCurveTo(1.428000, -4.545000, 2.221000, -3.436000, 3.032000, -2.339000);
	ctx.bezierCurveTo(4.322000, -0.592000, 1.381000, 1.703000, 0.000000, 0.000000);
	ctx.fill();
	ctx.restore();
	
// #path194
	ctx.save();
	ctx.beginPath();
	ctx.transform(0.548142, 0.000000, 0.000000, -0.386420, 13.889300, 40.376600);
	ctx.fillStyle = 'rgb(56, 53, 44)';
	ctx.moveTo(0.000000, 0.000000);
	ctx.bezierCurveTo(-0.711000, -1.298000, -1.469000, -2.569000, -2.284000, -3.805000);
	ctx.bezierCurveTo(-3.097000, -5.035000, -4.066000, -6.151000, -4.596000, -7.536000);
	ctx.bezierCurveTo(-5.152000, -8.991000, -3.115000, -10.646000, -1.834000, -9.660000);
	ctx.bezierCurveTo(0.528000, -7.841000, 1.995000, -4.549000, 3.264000, -1.908000);
	ctx.bezierCurveTo(4.305000, 0.258000, 1.183000, 2.159000, 0.000000, 0.000000);
	ctx.fill();
	ctx.restore();
	
// #path196
	ctx.save();
	ctx.beginPath();
	ctx.transform(0.548142, 0.000000, 0.000000, -0.386420, 17.854100, 42.145300);
	ctx.fillStyle = 'rgb(56, 53, 44)';
	ctx.moveTo(0.000000, 0.000000);
	ctx.bezierCurveTo(-0.684000, -1.288000, -1.373000, -2.572000, -2.078000, -3.848000);
	ctx.bezierCurveTo(-2.798000, -5.153000, -3.534000, -6.322000, -3.514000, -7.857000);
	ctx.bezierCurveTo(-3.498000, -9.025000, -2.069000, -10.069000, -1.001000, -9.299000);
	ctx.bezierCurveTo(0.269000, -8.385000, 0.769000, -7.282000, 1.410000, -5.887000);
	ctx.bezierCurveTo(2.022000, -4.558000, 2.648000, -3.237000, 3.282000, -1.918000);
	ctx.bezierCurveTo(4.328000, 0.262000, 1.159000, 2.183000, 0.000000, 0.000000);
	ctx.fill();
	ctx.restore();
	
// #path198
	ctx.save();
	ctx.beginPath();
	ctx.transform(0.548142, 0.000000, 0.000000, -0.386420, 24.838100, 41.643100);
	ctx.fillStyle = 'rgb(56, 53, 44)';
	ctx.moveTo(0.000000, 0.000000);
	ctx.bezierCurveTo(-1.897000, -2.860000, -4.485000, -5.763000, -5.870000, -8.900000);
	ctx.bezierCurveTo(-6.725000, -10.837000, -4.324000, -13.273000, -2.666000, -11.373000);
	ctx.bezierCurveTo(-0.272000, -8.629000, 1.322000, -4.985000, 3.212000, -1.878000);
	ctx.bezierCurveTo(4.467000, 0.184000, 1.314000, 1.981000, 0.000000, 0.000000);
	ctx.fill();
	ctx.restore();
	
// #path200
	ctx.save();
	ctx.beginPath();
	ctx.transform(0.548142, 0.000000, 0.000000, -0.386420, 31.423900, 35.917400);
	ctx.fillStyle = 'rgb(56, 53, 44)';
	ctx.moveTo(0.000000, 0.000000);
	ctx.bezierCurveTo(-0.852000, -1.335000, -1.809000, -2.592000, -2.727000, -3.881000);
	ctx.bezierCurveTo(-3.627000, -5.144000, -4.674000, -6.386000, -4.702000, -7.990000);
	ctx.bezierCurveTo(-4.728000, -9.452000, -3.138000, -10.193000, -1.933000, -9.579000);
	ctx.bezierCurveTo(-0.559000, -8.878000, 0.128000, -7.271000, 0.839000, -5.966000);
	ctx.bezierCurveTo(1.592000, -4.580000, 2.302000, -3.173000, 3.126000, -1.827000);
	ctx.bezierCurveTo(4.349000, 0.169000, 1.249000, 1.958000, 0.000000, 0.000000);
	ctx.fill();
	ctx.restore();
	
// #path202
	ctx.save();
	ctx.beginPath();
	ctx.transform(0.548142, 0.000000, 0.000000, -0.386420, 38.512200, 29.021400);
	ctx.fillStyle = 'rgb(56, 53, 44)';
	ctx.moveTo(0.000000, 0.000000);
	ctx.bezierCurveTo(-1.164000, -1.873000, -2.372000, -3.720000, -3.499000, -5.616000);
	ctx.bezierCurveTo(-4.345000, -7.040000, -5.824000, -9.452000, -3.768000, -10.653000);
	ctx.bezierCurveTo(-1.818000, -11.792000, -0.503000, -9.570000, 0.230000, -8.160000);
	ctx.bezierCurveTo(1.297000, -6.105000, 2.264000, -3.998000, 3.282000, -1.918000);
	ctx.bezierCurveTo(4.349000, 0.263000, 1.305000, 2.099000, 0.000000, 0.000000);
	ctx.fill();
	ctx.restore();
	
// #path204
	ctx.save();
	ctx.beginPath();
	ctx.transform(0.548142, 0.000000, 0.000000, -0.386420, 38.766900, 34.670900);
	ctx.fillStyle = 'rgb(56, 53, 44)';
	ctx.moveTo(0.000000, 0.000000);
	ctx.bezierCurveTo(-1.277000, -1.894000, -2.554000, -3.789000, -3.830000, -5.685000);
	ctx.bezierCurveTo(-4.995000, -7.416000, -6.325000, -9.063000, -6.457000, -11.202000);
	ctx.bezierCurveTo(-6.539000, -12.530000, -4.964000, -13.266000, -3.899000, -12.670000);
	ctx.bezierCurveTo(-2.073000, -11.649000, -1.140000, -9.605000, -0.117000, -7.855000);
	ctx.bezierCurveTo(1.034000, -5.887000, 2.184000, -3.918000, 3.333000, -1.948000);
	ctx.bezierCurveTo(4.599000, 0.220000, 1.377000, 2.042000, 0.000000, 0.000000);
	ctx.fill();
	ctx.restore();
	
// #path206
	ctx.save();
	ctx.beginPath();
	ctx.transform(0.548142, 0.000000, 0.000000, -0.386420, 31.016800, 43.069500);
	ctx.fillStyle = 'rgb(56, 53, 44)';
	ctx.moveTo(0.000000, 0.000000);
	ctx.bezierCurveTo(-0.809000, -1.359000, -1.615000, -2.718000, -2.447000, -4.064000);
	ctx.bezierCurveTo(-3.244000, -5.354000, -4.339000, -6.679000, -4.639000, -8.184000);
	ctx.bezierCurveTo(-5.036000, -10.170000, -2.831000, -11.473000, -1.296000, -10.130000);
	ctx.bezierCurveTo(-0.140000, -9.120000, 0.461000, -7.520000, 1.183000, -6.185000);
	ctx.bezierCurveTo(1.936000, -4.794000, 2.713000, -3.418000, 3.489000, -2.039000);
	ctx.bezierCurveTo(4.766000, 0.230000, 1.331000, 2.237000, 0.000000, 0.000000);
	ctx.fill();
	ctx.restore();
	
// #path208
	ctx.save();
	ctx.beginPath();
	ctx.transform(0.548142, 0.000000, 0.000000, -0.386420, 39.328100, 41.216200);
	ctx.fillStyle = 'rgb(56, 53, 44)';
	ctx.moveTo(0.000000, 0.000000);
	ctx.bezierCurveTo(-1.091000, -1.271000, -2.107000, -2.617000, -2.971000, -4.054000);
	ctx.bezierCurveTo(-3.776000, -5.395000, -5.024000, -7.211000, -4.405000, -8.812000);
	ctx.bezierCurveTo(-3.962000, -9.957000, -2.887000, -10.423000, -1.760000, -9.888000);
	ctx.bezierCurveTo(-0.432000, -9.256000, -0.072000, -7.620000, 0.567000, -6.397000);
	ctx.bezierCurveTo(1.218000, -5.148000, 1.975000, -3.956000, 2.857000, -2.857000);
	ctx.bezierCurveTo(3.545000, -2.000000, 3.679000, -0.840000, 2.857000, 0.000000);
	ctx.bezierCurveTo(2.137000, 0.735000, 0.708000, 0.825000, 0.000000, 0.000000);
	ctx.fill();
	ctx.restore();
	
// #path210
	ctx.save();
	ctx.beginPath();
	ctx.transform(0.548142, 0.000000, 0.000000, -0.386420, 44.905900, 30.805600);
	ctx.fillStyle = 'rgb(56, 53, 44)';
	ctx.moveTo(0.000000, 0.000000);
	ctx.bezierCurveTo(-1.148000, -1.336000, -2.190000, -2.759000, -3.029000, -4.311000);
	ctx.bezierCurveTo(-3.886000, -5.898000, -4.834000, -7.530000, -4.038000, -9.291000);
	ctx.bezierCurveTo(-3.638000, -10.176000, -2.431000, -10.300000, -1.671000, -9.912000);
	ctx.bezierCurveTo(-0.358000, -9.242000, -0.074000, -7.639000, 0.555000, -6.405000);
	ctx.bezierCurveTo(1.196000, -5.147000, 1.961000, -3.950000, 2.857000, -2.857000);
	ctx.bezierCurveTo(4.484000, -0.874000, 1.710000, 1.990000, 0.000000, 0.000000);
	ctx.fill();
	ctx.restore();
	
// #path212
	ctx.save();
	ctx.beginPath();
	ctx.transform(0.548142, 0.000000, 0.000000, -0.386420, 43.706800, 24.294300);
	ctx.fillStyle = 'rgb(56, 53, 44)';
	ctx.moveTo(0.000000, 0.000000);
	ctx.bezierCurveTo(-0.692000, -1.133000, -1.383000, -2.266000, -2.076000, -3.398000);
	ctx.bezierCurveTo(-2.773000, -4.535000, -3.553000, -5.602000, -3.984000, -6.875000);
	ctx.bezierCurveTo(-4.583000, -8.643000, -2.102000, -10.040000, -0.859000, -8.694000);
	ctx.bezierCurveTo(0.049000, -7.711000, 0.610000, -6.507000, 1.273000, -5.356000);
	ctx.bezierCurveTo(1.936000, -4.206000, 2.601000, -3.057000, 3.264000, -1.908000);
	ctx.bezierCurveTo(4.485000, 0.205000, 1.268000, 2.075000, 0.000000, 0.000000);
	ctx.fill();
	ctx.restore();
	
// #path214
	ctx.save();
	ctx.beginPath();
	ctx.transform(0.548142, 0.000000, 0.000000, -0.386420, 40.814600, 20.296300);
	ctx.fillStyle = 'rgb(56, 53, 44)';
	ctx.moveTo(0.000000, 0.000000);
	ctx.bezierCurveTo(-1.019000, -1.388000, -2.078000, -2.753000, -3.032000, -4.186000);
	ctx.bezierCurveTo(-3.649000, -5.113000, -3.214000, -6.468000, -2.292000, -7.007000);
	ctx.bezierCurveTo(-1.242000, -7.622000, -0.137000, -7.164000, 0.529000, -6.267000);
	ctx.bezierCurveTo(1.553000, -4.889000, 2.478000, -3.434000, 3.437000, -2.009000);
	ctx.bezierCurveTo(4.037000, -1.117000, 3.609000, 0.196000, 2.723000, 0.714000);
	ctx.bezierCurveTo(1.713000, 1.305000, 0.638000, 0.869000, 0.000000, 0.000000);
	ctx.fill();
	ctx.restore();
	
// #path216
	ctx.save();
	ctx.beginPath();
	ctx.transform(0.548142, 0.000000, 0.000000, -0.386420, 30.696800, 19.086900);
	ctx.fillStyle = 'rgb(56, 53, 44)';
	ctx.moveTo(0.000000, 0.000000);
	ctx.bezierCurveTo(-1.313000, -1.909000, -2.626000, -3.786000, -3.738000, -5.821000);
	ctx.bezierCurveTo(-4.683000, -7.551000, -2.223000, -9.703000, -0.879000, -8.027000);
	ctx.bezierCurveTo(0.673000, -6.090000, 2.005000, -4.040000, 3.351000, -1.958000);
	ctx.bezierCurveTo(4.719000, 0.157000, 1.401000, 2.038000, 0.000000, 0.000000);
	ctx.fill();
	ctx.restore();
	ctx.restore();
	
// #g10
	ctx.save();
	ctx.transform(1.000000, 0.000000, 0.000000, 1.000000, -14.249000, 14.242800);
	
// #path238
	ctx.save();
	ctx.beginPath();
	ctx.transform(0.548142, 0.000000, 0.000000, -0.386420, 73.015100, 82.957100);
	ctx.fillStyle = 'rgb(56, 53, 44)';
	ctx.moveTo(0.000000, 0.000000);
	ctx.bezierCurveTo(-1.914000, -2.733000, -1.036000, -6.393000, 1.591000, -8.318000);
	ctx.bezierCurveTo(4.376000, -10.360000, 8.340000, -10.303000, 11.365000, -8.842000);
	ctx.bezierCurveTo(17.936000, -5.669000, 18.816000, 3.453000, 12.007000, 6.919000);
	ctx.bezierCurveTo(5.426000, 10.270000, -3.578000, 3.452000, -1.350000, -3.887000);
	ctx.bezierCurveTo(1.016000, -11.680000, 15.009000, -8.729000, 13.126000, -0.351000);
	ctx.bezierCurveTo(12.187000, 3.823000, 6.721000, 5.767000, 3.619000, 2.594000);
	ctx.bezierCurveTo(0.455000, -0.641000, 2.612000, -5.411000, 6.299000, -6.882000);
	ctx.bezierCurveTo(9.462000, -8.144000, 11.667000, -3.555000, 9.492000, -1.398000);
	ctx.bezierCurveTo(8.705000, -0.619000, 9.559000, -0.695000, 7.670000, -1.100000);
	ctx.bezierCurveTo(6.686000, -1.312000, 6.576000, -1.437000, 5.983000, -1.437000);
	ctx.bezierCurveTo(5.674000, -1.437000, 4.865000, -1.177000, 5.102000, -1.521000);
	ctx.bezierCurveTo(5.403000, -1.958000, 5.231000, -1.246000, 5.396000, -1.032000);
	ctx.bezierCurveTo(6.394000, 0.266000, 7.663000, 2.037000, 9.513000, 0.811000);
	ctx.bezierCurveTo(11.142000, -0.270000, 10.486000, -2.081000, 9.160000, -3.104000);
	ctx.bezierCurveTo(8.316000, -3.755000, 7.249000, -4.103000, 6.182000, -4.025000);
	ctx.bezierCurveTo(5.503000, -3.976000, 3.329000, -3.436000, 3.930000, -2.297000);
	ctx.bezierCurveTo(5.316000, 0.324000, 1.667000, 2.380000, 0.000000, 0.000000);
	ctx.fill();
	ctx.restore();
	
// #path240
	ctx.save();
	ctx.beginPath();
	ctx.transform(0.548142, 0.000000, 0.000000, -0.386420, 75.125000, 95.097800);
	ctx.fillStyle = 'rgb(56, 53, 44)';
	ctx.moveTo(0.000000, 0.000000);
	ctx.bezierCurveTo(6.415000, -0.760000, 10.719000, 6.821000, 7.124000, 12.084000);
	ctx.bezierCurveTo(2.849000, 18.344000, -5.944000, 12.901000, -6.507000, 6.723000);
	ctx.bezierCurveTo(-6.787000, 3.647000, -5.212000, 0.282000, -2.172000, -0.797000);
	ctx.bezierCurveTo(1.084000, -1.952000, 4.446000, -0.186000, 6.225000, 2.614000);
	ctx.bezierCurveTo(8.031000, 5.457000, 8.009000, 9.514000, 4.675000, 11.221000);
	ctx.bezierCurveTo(1.308000, 12.945000, -1.849000, 10.131000, -2.442000, 6.849000);
	ctx.bezierCurveTo(-2.775000, 5.005000, -1.939000, 3.106000, -0.016000, 2.577000);
	ctx.bezierCurveTo(1.656000, 2.118000, 3.936000, 3.144000, 4.256000, 5.003000);
	ctx.bezierCurveTo(4.283000, 5.231000, 4.328000, 5.455000, 4.392000, 5.675000);
	ctx.bezierCurveTo(4.653000, 6.482000, 4.166000, 6.182000, 2.929000, 4.775000);
	ctx.bezierCurveTo(2.347000, 4.932000, 1.765000, 5.090000, 1.183000, 5.247000);
	ctx.bezierCurveTo(1.000000, 5.755000, 0.817000, 6.262000, 0.634000, 6.769000);
	ctx.bezierCurveTo(0.596000, 6.606000, 0.526000, 6.456000, 0.423000, 6.322000);
	ctx.bezierCurveTo(0.461000, 6.347000, 0.042000, 5.851000, 0.039000, 5.836000);
	ctx.bezierCurveTo(-0.035000, 5.374000, -0.003000, 5.933000, 0.094000, 5.628000);
	ctx.bezierCurveTo(0.145000, 5.466000, 0.337000, 5.499000, 0.352000, 5.539000);
	ctx.bezierCurveTo(0.440000, 5.774000, 0.265000, 6.507000, 0.377000, 6.860000);
	ctx.bezierCurveTo(0.537000, 7.366000, 0.852000, 7.830000, 1.265000, 8.168000);
	ctx.bezierCurveTo(1.465000, 8.331000, 1.718000, 8.417000, 1.921000, 8.564000);
	ctx.bezierCurveTo(2.229000, 8.787000, 2.666000, 8.461000, 2.120000, 8.821000);
	ctx.bezierCurveTo(2.610000, 8.498000, 2.776000, 7.766000, 2.756000, 7.226000);
	ctx.bezierCurveTo(2.700000, 5.755000, 1.340000, 4.990000, 0.000000, 4.995000);
	ctx.bezierCurveTo(-3.297000, 5.009000, -3.108000, 0.368000, 0.000000, 0.000000);
	ctx.fill();
	ctx.restore();
	
// #path242
	ctx.save();
	ctx.beginPath();
	ctx.transform(0.548142, 0.000000, 0.000000, -0.386420, 83.734500, 89.832100);
	ctx.fillStyle = 'rgb(56, 53, 44)';
	ctx.moveTo(0.000000, 0.000000);
	ctx.bezierCurveTo(3.028000, 0.319000, 5.824000, 2.515000, 5.181000, 5.849000);
	ctx.bezierCurveTo(4.511000, 9.330000, 0.579000, 10.656000, -2.258000, 8.697000);
	ctx.bezierCurveTo(-5.441000, 6.498000, -5.838000, 1.764000, -2.501000, -0.526000);
	ctx.bezierCurveTo(-0.945000, -1.594000, 1.118000, -1.646000, 2.743000, -0.682000);
	ctx.bezierCurveTo(4.360000, 0.276000, 5.724000, 2.540000, 4.949000, 4.426000);
	ctx.bezierCurveTo(4.444000, 5.652000, 3.514000, 6.596000, 2.098000, 6.596000);
	ctx.bezierCurveTo(0.735000, 6.596000, -0.312000, 5.661000, -0.752000, 4.426000);
	ctx.bezierCurveTo(-0.783000, 4.338000, -0.953000, 3.971000, -0.892000, 3.887000);
	ctx.bezierCurveTo(-1.067000, 4.130000, -0.489000, 4.559000, -0.246000, 4.640000);
	ctx.bezierCurveTo(0.406000, 4.859000, 0.657000, 4.636000, 1.056000, 4.269000);
	ctx.bezierCurveTo(0.915000, 4.399000, 0.890000, 4.657000, 1.011000, 4.354000);
	ctx.bezierCurveTo(1.028000, 4.292000, 1.045000, 4.230000, 1.062000, 4.169000);
	ctx.bezierCurveTo(1.036000, 3.958000, 1.051000, 3.955000, 1.104000, 4.159000);
	ctx.bezierCurveTo(1.133000, 4.138000, 1.155000, 4.426000, 1.100000, 4.158000);
	ctx.bezierCurveTo(1.085000, 4.086000, 1.242000, 4.348000, 1.276000, 4.324000);
	ctx.bezierCurveTo(1.293000, 4.313000, 0.741000, 4.338000, 0.720000, 4.339000);
	ctx.bezierCurveTo(0.600000, 4.347000, 0.542000, 4.493000, 0.452000, 4.540000);
	ctx.bezierCurveTo(0.681000, 4.421000, 0.688000, 4.329000, 0.529000, 4.506000);
	ctx.bezierCurveTo(0.467000, 4.575000, 0.532000, 4.275000, 0.565000, 4.372000);
	ctx.bezierCurveTo(0.654000, 4.640000, 0.477000, 4.247000, 0.431000, 4.188000);
	ctx.bezierCurveTo(0.172000, 3.856000, -0.097000, 3.784000, -0.499000, 3.687000);
	ctx.bezierCurveTo(-2.508000, 3.204000, -2.139000, -0.225000, 0.000000, 0.000000);
	ctx.fill();
	ctx.restore();
	
// #path244
	ctx.save();
	ctx.beginPath();
	ctx.transform(0.548142, 0.000000, 0.000000, -0.386420, 65.103400, 88.526300);
	ctx.fillStyle = 'rgb(56, 53, 44)';
	ctx.moveTo(0.000000, 0.000000);
	ctx.bezierCurveTo(0.656000, -2.495000, 3.791000, -3.446000, 5.846000, -2.008000);
	ctx.bezierCurveTo(8.033000, -0.479000, 8.813000, 3.217000, 6.898000, 5.268000);
	ctx.bezierCurveTo(5.217000, 7.069000, 2.335000, 7.098000, 0.562000, 5.386000);
	ctx.bezierCurveTo(-0.415000, 4.443000, -0.779000, 3.188000, -0.850000, 1.871000);
	ctx.bezierCurveTo(-0.881000, 1.294000, -0.867000, 0.722000, -0.738000, 0.153000);
	ctx.bezierCurveTo(-0.549000, -0.686000, 0.006000, -1.366000, 0.522000, -2.017000);
	ctx.bezierCurveTo(0.985000, -2.601000, 2.019000, -2.931000, 2.727000, -2.931000);
	ctx.bezierCurveTo(3.492000, -2.931000, 4.405000, -2.591000, 4.932000, -2.017000);
	ctx.bezierCurveTo(6.121000, -0.723000, 6.104000, 1.100000, 4.932000, 2.393000);
	ctx.bezierCurveTo(4.514000, 2.853000, 5.263000, 1.857000, 4.978000, 2.362000);
	ctx.bezierCurveTo(4.890000, 2.519000, 4.791000, 2.686000, 4.681000, 2.829000);
	ctx.bezierCurveTo(4.231000, 3.413000, 4.814000, 1.524000, 4.863000, 2.236000);
	ctx.bezierCurveTo(4.783000, 1.783000, 4.779000, 1.710000, 4.851000, 2.014000);
	ctx.bezierCurveTo(4.802000, 1.902000, 4.753000, 1.790000, 4.704000, 1.677000);
	ctx.bezierCurveTo(4.935000, 2.141000, 4.440000, 1.282000, 4.217000, 1.265000);
	ctx.bezierCurveTo(4.300000, 1.322000, 4.386000, 1.373000, 4.477000, 1.416000);
	ctx.bezierCurveTo(4.353000, 1.360000, 4.228000, 1.304000, 4.103000, 1.247000);
	ctx.bezierCurveTo(4.591000, 1.419000, 3.494000, 1.269000, 3.974000, 1.233000);
	ctx.bezierCurveTo(3.503000, 1.318000, 3.410000, 1.329000, 3.692000, 1.268000);
	ctx.bezierCurveTo(3.897000, 1.222000, 3.885000, 1.243000, 3.655000, 1.330000);
	ctx.bezierCurveTo(3.363000, 1.564000, 3.042000, 1.647000, 2.891000, 2.042000);
	ctx.bezierCurveTo(2.829000, 2.154000, 2.806000, 2.275000, 2.821000, 2.407000);
	ctx.bezierCurveTo(2.829000, 2.297000, 2.830000, 2.187000, 2.823000, 2.076000);
	ctx.bezierCurveTo(2.811000, 1.862000, 2.826000, 1.930000, 2.868000, 2.279000);
	ctx.bezierCurveTo(2.853000, 2.186000, 2.834000, 2.094000, 2.809000, 2.004000);
	ctx.bezierCurveTo(2.788000, 1.913000, 2.762000, 1.824000, 2.730000, 1.736000);
	ctx.bezierCurveTo(2.862000, 2.025000, 2.884000, 2.088000, 2.795000, 1.923000);
	ctx.bezierCurveTo(2.700000, 1.764000, 2.745000, 1.811000, 2.930000, 2.063000);
	ctx.bezierCurveTo(2.767000, 1.907000, 2.761000, 1.893000, 2.913000, 2.022000);
	ctx.bezierCurveTo(3.033000, 2.136000, 3.177000, 2.209000, 3.345000, 2.240000);
	ctx.bezierCurveTo(3.140000, 2.192000, 3.151000, 2.190000, 3.380000, 2.233000);
	ctx.bezierCurveTo(3.560000, 2.283000, 3.739000, 2.274000, 3.919000, 2.205000);
	ctx.bezierCurveTo(3.721000, 2.263000, 3.726000, 2.253000, 3.934000, 2.174000);
	ctx.bezierCurveTo(4.285000, 1.907000, 4.555000, 1.759000, 4.703000, 1.296000);
	ctx.bezierCurveTo(4.314000, 2.509000, 2.992000, 3.417000, 1.703000, 3.000000);
	ctx.bezierCurveTo(0.434000, 2.589000, -0.347000, 1.322000, 0.000000, 0.000000);
	ctx.fill();
	ctx.restore();
	
// #path246
	ctx.save();
	ctx.beginPath();
	ctx.transform(0.548142, 0.000000, 0.000000, -0.386420, 61.105400, 95.557800);
	ctx.fillStyle = 'rgb(56, 53, 44)';
	ctx.moveTo(0.000000, 0.000000);
	ctx.bezierCurveTo(0.076000, -2.223000, 1.958000, -3.713000, 4.132000, -3.713000);
	ctx.bezierCurveTo(6.350000, -3.713000, 8.482000, -2.317000, 9.712000, -0.536000);
	ctx.bezierCurveTo(12.579000, 3.617000, 9.258000, 10.027000, 4.000000, 9.235000);
	ctx.bezierCurveTo(-1.486000, 8.409000, -4.317000, 0.924000, 0.659000, -2.509000);
	ctx.bezierCurveTo(2.827000, -4.005000, 5.866000, -3.896000, 7.742000, -1.940000);
	ctx.bezierCurveTo(9.655000, 0.055000, 10.047000, 3.258000, 8.046000, 5.327000);
	ctx.bezierCurveTo(5.725000, 7.726000, 1.711000, 5.254000, 2.537000, 2.121000);
	ctx.bezierCurveTo(2.714000, 1.448000, 2.620000, 2.595000, 3.035000, 2.877000);
	ctx.bezierCurveTo(3.480000, 3.179000, 4.134000, 2.918000, 4.484000, 2.970000);
	ctx.bezierCurveTo(4.533000, 2.977000, 4.557000, 2.802000, 4.658000, 2.828000);
	ctx.bezierCurveTo(4.774000, 2.857000, 5.087000, 3.359000, 5.317000, 3.190000);
	ctx.bezierCurveTo(5.533000, 3.031000, 5.299000, 2.307000, 5.223000, 2.165000);
	ctx.bezierCurveTo(5.042000, 1.822000, 4.673000, 1.497000, 4.327000, 1.325000);
	ctx.bezierCurveTo(3.393000, 0.862000, 3.914000, 1.576000, 4.209000, 0.570000);
	ctx.bezierCurveTo(3.545000, 2.835000, -0.084000, 2.478000, 0.000000, 0.000000);
	ctx.fill();
	ctx.restore();
	
// #path248
	ctx.save();
	ctx.beginPath();
	ctx.transform(0.548142, 0.000000, 0.000000, -0.386420, 66.698500, 98.900100);
	ctx.fillStyle = 'rgb(56, 53, 44)';
	ctx.moveTo(0.000000, 0.000000);
	ctx.bezierCurveTo(-1.258000, -1.128000, -1.532000, -2.988000, -0.972000, -4.532000);
	ctx.bezierCurveTo(-0.150000, -6.798000, 2.321000, -7.590000, 4.482000, -6.753000);
	ctx.bezierCurveTo(8.345000, -5.255000, 10.865000, -0.301000, 8.551000, 3.435000);
	ctx.bezierCurveTo(7.251000, 5.533000, 4.770000, 6.486000, 2.392000, 5.833000);
	ctx.bezierCurveTo(0.238000, 5.241000, -1.419000, 3.497000, -2.348000, 1.518000);
	ctx.bezierCurveTo(-3.505000, -0.946000, -3.443000, -3.943000, -0.940000, -5.568000);
	ctx.bezierCurveTo(0.791000, -6.691000, 3.484000, -7.015000, 5.262000, -5.834000);
	ctx.bezierCurveTo(7.653000, -4.247000, 7.231000, -0.717000, 4.476000, 0.182000);
	ctx.bezierCurveTo(4.038000, 0.324000, 2.863000, 0.665000, 2.415000, 0.401000);
	ctx.bezierCurveTo(2.176000, 0.259000, 2.413000, 0.469000, 2.644000, 0.283000);
	ctx.bezierCurveTo(2.617000, 0.304000, 4.102000, -1.342000, 3.659000, -1.495000);
	ctx.bezierCurveTo(3.660000, -1.494000, 4.153000, -0.623000, 4.163000, -0.553000);
	ctx.bezierCurveTo(4.236000, -0.004000, 4.804000, -1.049000, 3.863000, -0.279000);
	ctx.bezierCurveTo(3.154000, 0.302000, 3.786000, 0.136000, 3.503000, -0.163000);
	ctx.bezierCurveTo(3.468000, -0.199000, 3.222000, -0.575000, 3.108000, -0.718000);
	ctx.bezierCurveTo(3.008000, -0.845000, 2.253000, -1.375000, 2.243000, -1.536000);
	ctx.bezierCurveTo(2.550000, -1.580000, 2.858000, -1.624000, 3.165000, -1.669000);
	ctx.bezierCurveTo(2.866000, -1.488000, 2.830000, -1.500000, 3.057000, -1.706000);
	ctx.bezierCurveTo(3.207000, -2.010000, 3.589000, -1.859000, 3.226000, -2.489000);
	ctx.bezierCurveTo(4.418000, -0.417000, 1.713000, 1.537000, 0.000000, 0.000000);
	ctx.fill();
	ctx.restore();
	
// #path250
	ctx.save();
	ctx.beginPath();
	ctx.transform(0.548142, 0.000000, 0.000000, -0.386420, 77.805900, 99.671700);
	ctx.fillStyle = 'rgb(56, 53, 44)';
	ctx.moveTo(0.000000, 0.000000);
	ctx.bezierCurveTo(0.736000, 0.424000, 1.374000, 1.063000, 1.789000, 1.806000);
	ctx.lineTo(0.902000, 0.918000);
	ctx.bezierCurveTo(0.940000, 0.945000, 0.979000, 0.971000, 1.018000, 0.997000);
	ctx.bezierCurveTo(1.782000, 1.521000, 2.292000, 2.262000, 2.292000, 3.219000);
	ctx.bezierCurveTo(2.292000, 4.153000, 1.791000, 4.949000, 1.018000, 5.442000);
	ctx.bezierCurveTo(-0.237000, 6.239000, -2.192000, 6.220000, -3.183000, 5.012000);
	ctx.bezierCurveTo(-3.946000, 4.082000, -4.578000, 3.002000, -4.520000, 1.752000);
	ctx.bezierCurveTo(-4.483000, 0.963000, -4.205000, 0.091000, -3.603000, -0.461000);
	ctx.bezierCurveTo(-3.392000, -0.624000, -3.181000, -0.788000, -2.969000, -0.951000);
	ctx.bezierCurveTo(-2.481000, -1.234000, -1.954000, -1.376000, -1.389000, -1.378000);
	ctx.bezierCurveTo(-1.118000, -1.406000, -0.847000, -1.446000, -0.574000, -1.432000);
	ctx.bezierCurveTo(0.263000, -1.388000, 1.058000, -1.109000, 1.662000, -0.506000);
	ctx.bezierCurveTo(2.211000, 0.043000, 2.624000, 0.943000, 2.588000, 1.731000);
	ctx.bezierCurveTo(2.552000, 2.549000, 2.283000, 3.397000, 1.662000, 3.967000);
	ctx.bezierCurveTo(1.449000, 4.132000, 1.235000, 4.297000, 1.022000, 4.462000);
	ctx.bezierCurveTo(0.529000, 4.748000, -0.004000, 4.892000, -0.574000, 4.893000);
	ctx.bezierCurveTo(-0.846000, 4.922000, -1.118000, 4.896000, -1.389000, 4.883000);
	ctx.lineTo(1.629000, 2.585000);
	ctx.bezierCurveTo(1.615000, 2.649000, 1.603000, 2.715000, 1.595000, 2.781000);
	ctx.lineTo(1.706000, 1.953000);
	ctx.bezierCurveTo(1.671000, 2.282000, 1.656000, 2.656000, 1.560000, 2.974000);
	ctx.bezierCurveTo(1.469000, 3.277000, 1.306000, 3.570000, 1.179000, 3.860000);
	ctx.bezierCurveTo(1.279000, 3.623000, 1.379000, 3.386000, 1.480000, 3.148000);
	ctx.bezierCurveTo(1.470000, 3.178000, 1.460000, 3.207000, 1.451000, 3.236000);
	ctx.lineTo(1.556000, 2.456000);
	ctx.bezierCurveTo(1.549000, 2.587000, 1.550000, 2.715000, 1.562000, 2.846000);
	ctx.bezierCurveTo(1.528000, 2.594000, 1.494000, 2.342000, 1.461000, 2.090000);
	ctx.bezierCurveTo(1.480000, 2.223000, 1.507000, 2.351000, 1.544000, 2.480000);
	ctx.bezierCurveTo(1.122000, 1.931000, 0.700000, 1.383000, 0.278000, 0.834000);
	ctx.bezierCurveTo(0.358000, 0.887000, 0.431000, 0.928000, 0.520000, 0.965000);
	ctx.bezierCurveTo(0.305000, 0.875000, 0.091000, 0.784000, -0.123000, 0.694000);
	ctx.bezierCurveTo(-0.065000, 0.715000, -0.006000, 0.732000, 0.055000, 0.742000);
	ctx.bezierCurveTo(-0.180000, 0.711000, -0.415000, 0.679000, -0.650000, 0.648000);
	ctx.bezierCurveTo(-0.553000, 0.660000, -0.468000, 0.664000, -0.370000, 0.659000);
	ctx.lineTo(-1.060000, 0.752000);
	ctx.bezierCurveTo(-1.028000, 0.747000, -0.997000, 0.743000, -0.965000, 0.738000);
	ctx.bezierCurveTo(-1.564000, 1.337000, -2.164000, 1.936000, -2.763000, 2.535000);
	ctx.lineTo(-2.733000, 2.397000);
	ctx.lineTo(-2.733000, 3.712000);
	ctx.bezierCurveTo(-2.743000, 3.685000, -2.754000, 3.658000, -2.765000, 3.630000);
	ctx.bezierCurveTo(-2.682000, 3.827000, -2.599000, 4.023000, -2.516000, 4.220000);
	ctx.bezierCurveTo(-2.599000, 4.027000, -2.699000, 3.852000, -2.824000, 3.682000);
	ctx.bezierCurveTo(-2.697000, 3.846000, -2.571000, 4.010000, -2.445000, 4.173000);
	ctx.bezierCurveTo(-2.576000, 4.009000, -2.718000, 3.867000, -2.883000, 3.737000);
	ctx.bezierCurveTo(-3.311000, 3.402000, -3.604000, 2.578000, -3.580000, 2.054000);
	ctx.bezierCurveTo(-3.556000, 1.517000, -3.400000, 1.040000, -3.069000, 0.613000);
	ctx.bezierCurveTo(-2.350000, -0.319000, -1.037000, -0.598000, 0.000000, 0.000000);
	ctx.fill();
	ctx.restore();
	
// #path252
	ctx.save();
	ctx.beginPath();
	ctx.transform(0.548142, 0.000000, 0.000000, -0.386420, 73.095100, 104.966000);
	ctx.fillStyle = 'rgb(56, 53, 44)';
	ctx.moveTo(0.000000, 0.000000);
	ctx.bezierCurveTo(-0.266000, -2.173000, 1.496000, -3.975000, 3.531000, -4.332000);
	ctx.bezierCurveTo(5.600000, -4.696000, 7.706000, -3.584000, 9.030000, -2.038000);
	ctx.bezierCurveTo(11.820000, 1.222000, 11.012000, 6.939000, 6.436000, 8.083000);
	ctx.bezierCurveTo(2.235000, 9.132000, -2.853000, 4.356000, -1.801000, 0.081000);
	ctx.bezierCurveTo(-1.247000, -2.171000, 0.709000, -3.897000, 3.097000, -3.819000);
	ctx.bezierCurveTo(5.658000, -3.736000, 8.433000, -1.374000, 8.345000, 1.278000);
	ctx.bezierCurveTo(8.279000, 3.292000, 6.361000, 4.955000, 4.320000, 4.344000);
	ctx.bezierCurveTo(3.553000, 4.115000, 2.696000, 3.751000, 2.235000, 3.056000);
	ctx.bezierCurveTo(2.129000, 2.897000, 2.024000, 2.694000, 2.023000, 2.845000);
	ctx.bezierCurveTo(2.896000, 2.592000, 3.769000, 2.340000, 4.642000, 2.087000);
	ctx.bezierCurveTo(4.709000, 1.831000, 4.775000, 1.576000, 4.841000, 1.320000);
	ctx.bezierCurveTo(4.905000, 0.958000, 4.473000, 0.735000, 4.954000, 1.157000);
	ctx.bezierCurveTo(5.143000, 1.324000, 5.338000, 1.494000, 5.520000, 1.668000);
	ctx.bezierCurveTo(6.099000, 2.225000, 5.954000, 1.756000, 5.650000, 1.846000);
	ctx.bezierCurveTo(5.443000, 1.906000, 4.758000, 2.094000, 4.984000, 1.880000);
	ctx.bezierCurveTo(5.325000, 1.558000, 4.988000, 2.016000, 4.988000, 2.017000);
	ctx.bezierCurveTo(5.162000, 2.652000, 4.602000, 1.642000, 4.752000, 1.813000);
	ctx.bezierCurveTo(4.616000, 1.658000, 4.290000, 1.428000, 4.188000, 1.260000);
	ctx.bezierCurveTo(3.833000, 0.681000, 4.028000, 1.558000, 4.120000, 1.149000);
	ctx.bezierCurveTo(4.183000, 1.142000, 4.246000, 1.139000, 4.308000, 1.142000);
	ctx.bezierCurveTo(4.525000, 1.153000, 4.656000, 0.984000, 4.703000, 0.637000);
	ctx.bezierCurveTo(3.834000, 3.353000, 0.318000, 2.600000, 0.000000, 0.000000);
	ctx.fill();
	ctx.restore();
	
// #path254
	ctx.save();
	ctx.beginPath();
	ctx.transform(0.548142, 0.000000, 0.000000, -0.386420, 86.534400, 97.696600);
	ctx.fillStyle = 'rgb(56, 53, 44)';
	ctx.moveTo(0.000000, 0.000000);
	ctx.bezierCurveTo(2.027000, 0.800000, 3.290000, 2.298000, 3.755000, 4.445000);
	ctx.bezierCurveTo(4.214000, 6.565000, 3.986000, 9.125000, 2.310000, 10.679000);
	ctx.bezierCurveTo(0.721000, 12.153000, -1.615000, 12.507000, -3.625000, 11.785000);
	ctx.bezierCurveTo(-6.035000, 10.919000, -7.567000, 8.778000, -8.481000, 6.484000);
	ctx.bezierCurveTo(-9.450000, 4.053000, -9.433000, 1.211000, -7.579000, -0.813000);
	ctx.bezierCurveTo(-5.831000, -2.722000, -3.011000, -3.137000, -0.768000, -1.833000);
	ctx.bezierCurveTo(1.116000, -0.738000, 2.507000, 1.242000, 3.467000, 3.162000);
	ctx.bezierCurveTo(4.592000, 5.412000, 4.460000, 9.077000, 1.345000, 9.661000);
	ctx.bezierCurveTo(-1.118000, 10.124000, -3.439000, 8.167000, -2.759000, 5.558000);
	ctx.bezierCurveTo(-2.662000, 5.189000, -2.747000, 5.579000, -2.715000, 5.734000);
	ctx.bezierCurveTo(-2.586000, 6.340000, -2.434000, 6.501000, -2.839000, 5.983000);
	ctx.bezierCurveTo(-3.211000, 5.507000, -3.434000, 4.916000, -3.831000, 4.453000);
	ctx.bezierCurveTo(-3.933000, 4.329000, -4.045000, 4.214000, -4.167000, 4.109000);
	ctx.bezierCurveTo(-4.398000, 3.915000, -4.403000, 3.892000, -4.180000, 4.040000);
	ctx.bezierCurveTo(-4.353000, 4.210000, -2.353000, 3.611000, -2.571000, 3.589000);
	ctx.bezierCurveTo(-2.022000, 3.643000, -2.810000, 3.206000, -2.465000, 3.628000);
	ctx.bezierCurveTo(-2.312000, 3.814000, -2.290000, 4.308000, -2.189000, 4.548000);
	ctx.bezierCurveTo(-2.049000, 4.878000, -1.277000, 5.997000, -1.278000, 6.003000);
	ctx.bezierCurveTo(-1.276000, 5.983000, -1.877000, 6.495000, -1.750000, 6.551000);
	ctx.bezierCurveTo(-1.731000, 6.560000, -1.750000, 5.704000, -1.761000, 5.572000);
	ctx.bezierCurveTo(-1.773000, 5.424000, -1.838000, 5.200000, -1.907000, 5.071000);
	ctx.bezierCurveTo(-1.919000, 5.049000, -1.311000, 5.387000, -2.118000, 5.024000);
	ctx.bezierCurveTo(-4.926000, 3.761000, -2.905000, -1.146000, 0.000000, 0.000000);
	ctx.fill();
	ctx.restore();
	
// #path256
	ctx.save();
	ctx.beginPath();
	ctx.transform(0.548142, 0.000000, 0.000000, -0.386420, 61.282000, 106.130000);
	ctx.fillStyle = 'rgb(56, 53, 44)';
	ctx.moveTo(0.000000, 0.000000);
	ctx.bezierCurveTo(-0.524000, -2.479000, 0.813000, -4.965000, 3.380000, -5.542000);
	ctx.bezierCurveTo(5.932000, -6.116000, 8.400000, -4.550000, 9.695000, -2.420000);
	ctx.bezierCurveTo(10.852000, -0.517000, 11.822000, 2.358000, 11.380000, 4.593000);
	ctx.bezierCurveTo(10.879000, 7.122000, 8.655000, 8.868000, 6.072000, 8.777000);
	ctx.bezierCurveTo(1.308000, 8.608000, -3.655000, 3.308000, -1.557000, -1.464000);
	ctx.bezierCurveTo(-0.445000, -3.993000, 2.309000, -5.314000, 4.965000, -4.436000);
	ctx.bezierCurveTo(7.479000, -3.606000, 10.088000, -0.385000, 9.078000, 2.344000);
	ctx.bezierCurveTo(8.525000, 3.838000, 6.957000, 5.098000, 5.261000, 4.511000);
	ctx.bezierCurveTo(4.130000, 4.121000, 3.346000, 3.516000, 2.659000, 2.533000);
	ctx.bezierCurveTo(2.575000, 2.413000, 2.346000, 2.098000, 2.338000, 2.018000);
	ctx.bezierCurveTo(2.037000, 1.729000, 2.175000, 1.782000, 2.753000, 2.176000);
	ctx.bezierCurveTo(3.321000, 2.028000, 3.889000, 1.881000, 4.457000, 1.733000);
	ctx.bezierCurveTo(4.619000, 1.597000, 4.918000, 0.770000, 4.727000, 0.813000);
	ctx.bezierCurveTo(4.695000, 0.821000, 5.939000, 1.863000, 6.078000, 1.946000);
	ctx.bezierCurveTo(6.071000, 1.942000, 6.554000, 2.263000, 6.392000, 2.091000);
	ctx.bezierCurveTo(6.200000, 2.115000, 6.217000, 2.127000, 6.444000, 2.126000);
	ctx.bezierCurveTo(7.117000, 2.133000, 6.746000, 2.386000, 5.333000, 2.886000);
	ctx.bezierCurveTo(4.961000, 3.141000, 5.361000, 3.557000, 5.148000, 2.923000);
	ctx.bezierCurveTo(5.085000, 2.738000, 5.026000, 2.495000, 4.974000, 2.287000);
	ctx.bezierCurveTo(4.817000, 1.659000, 4.682000, 1.001000, 4.342000, 0.444000);
	ctx.bezierCurveTo(4.325000, 0.415000, 3.963000, 0.081000, 3.962000, 0.078000);
	ctx.bezierCurveTo(4.024000, 0.092000, 4.085000, 0.106000, 4.146000, 0.120000);
	ctx.bezierCurveTo(4.531000, 0.102000, 4.698000, -0.147000, 4.645000, -0.629000);
	ctx.bezierCurveTo(4.533000, 0.541000, 3.832000, 1.547000, 2.594000, 1.694000);
	ctx.bezierCurveTo(1.494000, 1.825000, 0.247000, 1.169000, 0.000000, 0.000000);
	ctx.fill();
	ctx.restore();
	ctx.restore();
	
// #path330
	ctx.save();
	ctx.beginPath();
	ctx.transform(0.548142, 0.000000, 0.000000, -0.386420, 12.385500, 71.591400);
	ctx.fillStyle = 'rgb(255, 250, 232)';
	ctx.moveTo(0.000000, 0.000000);
	ctx.bezierCurveTo(-0.270000, -2.570000, -0.541000, -5.139000, -0.811000, -7.709000);
	ctx.bezierCurveTo(-1.073000, -10.199000, -1.605000, -12.762000, -0.834000, -15.189000);
	ctx.bezierCurveTo(-0.056000, -17.635000, 3.916000, -18.700000, 5.163000, -15.973000);
	ctx.bezierCurveTo(7.248000, -11.416000, 6.333000, -4.944000, 6.422000, 0.000000);
	ctx.bezierCurveTo(6.497000, 4.214000, 0.423000, 4.022000, 0.000000, 0.000000);
	ctx.fill();
	ctx.restore();
	
// #path332
	ctx.save();
	ctx.beginPath();
	ctx.transform(0.548142, 0.000000, 0.000000, -0.386420, 19.770300, 75.017100);
	ctx.fillStyle = 'rgb(255, 250, 232)';
	ctx.moveTo(0.000000, 0.000000);
	ctx.bezierCurveTo(0.000000, -2.458000, -0.213000, -4.897000, -0.380000, -7.348000);
	ctx.bezierCurveTo(-0.547000, -9.787000, -0.874000, -12.085000, 0.462000, -14.258000);
	ctx.bezierCurveTo(1.771000, -16.387000, 4.839000, -16.387000, 6.147000, -14.258000);
	ctx.bezierCurveTo(7.486000, -12.081000, 7.158000, -9.794000, 6.990000, -7.348000);
	ctx.bezierCurveTo(6.822000, -4.898000, 6.609000, -2.457000, 6.609000, 0.000000);
	ctx.bezierCurveTo(6.609000, 4.253000, 0.000000, 4.260000, 0.000000, 0.000000);
	ctx.fill();
	ctx.restore();
	
// #path334
	ctx.save();
	ctx.beginPath();
	ctx.transform(0.548142, 0.000000, 0.000000, -0.386420, 11.180600, 83.455700);
	ctx.fillStyle = 'rgb(255, 250, 232)';
	ctx.moveTo(0.000000, 0.000000);
	ctx.bezierCurveTo(-0.323000, -4.124000, -0.971000, -9.821000, 1.103000, -13.542000);
	ctx.bezierCurveTo(2.354000, -15.786000, 6.218000, -15.437000, 6.775000, -12.800000);
	ctx.bezierCurveTo(7.235000, -10.617000, 6.744000, -8.704000, 6.583000, -6.502000);
	ctx.bezierCurveTo(6.425000, -4.336000, 6.504000, -2.163000, 6.656000, 0.000000);
	ctx.bezierCurveTo(6.958000, 4.283000, 0.332000, 4.243000, 0.000000, 0.000000);
	ctx.fill();
	ctx.restore();
	
// #path336
	ctx.save();
	ctx.beginPath();
	ctx.transform(0.548142, 0.000000, 0.000000, -0.386420, 18.347600, 86.618000);
	ctx.fillStyle = 'rgb(255, 250, 232)';
	ctx.moveTo(0.000000, 0.000000);
	ctx.bezierCurveTo(-0.253000, -3.885000, -0.307000, -8.431000, 1.562000, -11.943000);
	ctx.bezierCurveTo(3.105000, -14.841000, 7.875000, -13.530000, 7.764000, -10.263000);
	ctx.bezierCurveTo(7.646000, -6.804000, 6.451000, -3.495000, 6.328000, 0.000000);
	ctx.bezierCurveTo(6.184000, 4.095000, 0.264000, 4.048000, 0.000000, 0.000000);
	ctx.fill();
	ctx.restore();
	
// #path338
	ctx.save();
	ctx.beginPath();
	ctx.transform(0.548142, 0.000000, 0.000000, -0.386420, 27.896500, 84.509500);
	ctx.fillStyle = 'rgb(255, 250, 232)';
	ctx.moveTo(0.000000, 0.000000);
	ctx.bezierCurveTo(-0.311000, -3.791000, -1.401000, -8.347000, -0.530000, -12.068000);
	ctx.bezierCurveTo(-0.324000, -12.952000, 0.503000, -13.812000, 1.402000, -14.000000);
	ctx.bezierCurveTo(1.629000, -14.048000, 1.905000, -14.124000, 2.137000, -14.099000);
	ctx.bezierCurveTo(3.460000, -13.954000, 4.344000, -13.322000, 4.804000, -12.068000);
	ctx.bezierCurveTo(5.489000, -10.205000, 5.338000, -8.103000, 5.419000, -6.139000);
	ctx.bezierCurveTo(5.503000, -4.092000, 5.588000, -2.046000, 5.672000, 0.000000);
	ctx.bezierCurveTo(5.824000, 3.682000, 0.295000, 3.594000, 0.000000, 0.000000);
	ctx.fill();
	ctx.restore();
	
// #path340
	ctx.save();
	ctx.beginPath();
	ctx.transform(0.548142, 0.000000, 0.000000, -0.386420, 27.701500, 76.335400);
	ctx.fillStyle = 'rgb(255, 250, 232)';
	ctx.moveTo(0.000000, 0.000000);
	ctx.bezierCurveTo(-0.008000, -2.274000, -0.016000, -4.549000, -0.024000, -6.823000);
	ctx.bezierCurveTo(-0.038000, -10.925000, 6.366000, -10.932000, 6.351000, -6.823000);
	ctx.bezierCurveTo(6.344000, -4.549000, 6.336000, -2.274000, 6.328000, 0.000000);
	ctx.bezierCurveTo(6.314000, 4.072000, 0.014000, 4.078000, 0.000000, 0.000000);
	ctx.fill();
	ctx.restore();
	
// #path342
	ctx.save();
	ctx.beginPath();
	ctx.transform(0.548142, 0.000000, 0.000000, -0.386420, 18.100500, 66.043000);
	ctx.fillStyle = 'rgb(255, 250, 232)';
	ctx.moveTo(0.000000, 0.000000);
	ctx.bezierCurveTo(0.144000, -3.620000, 0.013000, -7.284000, 0.637000, -10.865000);
	ctx.bezierCurveTo(1.198000, -14.084000, 6.130000, -13.201000, 6.187000, -10.114000);
	ctx.bezierCurveTo(6.249000, -6.737000, 5.542000, -3.345000, 5.156000, 0.000000);
	ctx.bezierCurveTo(4.787000, 3.209000, -0.135000, 3.391000, 0.000000, 0.000000);
	ctx.fill();
	ctx.restore();
	
// #path344
	ctx.save();
	ctx.beginPath();
	ctx.transform(0.548142, 0.000000, 0.000000, -0.386420, 9.256690, 63.679700);
	ctx.fillStyle = 'rgb(255, 250, 232)';
	ctx.moveTo(0.000000, 0.000000);
	ctx.bezierCurveTo(-0.058000, -1.961000, -0.158000, -3.920000, -0.231000, -5.878000);
	ctx.bezierCurveTo(-0.298000, -7.691000, -0.056000, -9.017000, 1.204000, -10.365000);
	ctx.bezierCurveTo(1.617000, -10.807000, 2.414000, -10.807000, 2.828000, -10.365000);
	ctx.bezierCurveTo(4.087000, -9.017000, 4.329000, -7.691000, 4.262000, -5.878000);
	ctx.bezierCurveTo(4.189000, -3.920000, 4.089000, -1.961000, 4.031000, 0.000000);
	ctx.bezierCurveTo(3.955000, 2.593000, 0.076000, 2.598000, 0.000000, 0.000000);
	ctx.fill();
	ctx.restore();
	
// #path346
	ctx.save();
	ctx.beginPath();
	ctx.transform(0.548142, 0.000000, 0.000000, -0.386420, 5.402490, 82.135900);
	ctx.fillStyle = 'rgb(255, 250, 232)';
	ctx.moveTo(0.000000, 0.000000);
	ctx.bezierCurveTo(-0.066000, -3.268000, -0.789000, -7.171000, 0.619000, -10.207000);
	ctx.bezierCurveTo(1.423000, -11.939000, 4.389000, -11.939000, 5.193000, -10.207000);
	ctx.bezierCurveTo(6.602000, -7.171000, 5.879000, -3.268000, 5.812000, 0.000000);
	ctx.bezierCurveTo(5.736000, 3.739000, 0.076000, 3.746000, 0.000000, 0.000000);
	ctx.fill();
	ctx.restore();
	
// #path348
	ctx.save();
	ctx.beginPath();
	ctx.transform(0.548142, 0.000000, 0.000000, -0.386420, 7.116910, 94.000600);
	ctx.fillStyle = 'rgb(255, 250, 232)';
	ctx.moveTo(0.000000, 0.000000);
	ctx.bezierCurveTo(-0.135000, -3.174000, -0.450000, -6.385000, -0.164000, -9.552000);
	ctx.bezierCurveTo(0.146000, -12.985000, 4.869000, -12.991000, 5.180000, -9.552000);
	ctx.bezierCurveTo(5.466000, -6.385000, 5.150000, -3.174000, 5.016000, 0.000000);
	ctx.bezierCurveTo(4.879000, 3.226000, 0.137000, 3.231000, 0.000000, 0.000000);
	ctx.fill();
	ctx.restore();
	
// #path350
	ctx.save();
	ctx.beginPath();
	ctx.transform(0.548142, 0.000000, 0.000000, -0.386420, 15.680500, 96.900900);
	ctx.fillStyle = 'rgb(255, 250, 232)';
	ctx.moveTo(0.000000, 0.000000);
	ctx.bezierCurveTo(-0.040000, -2.744000, -0.621000, -5.443000, -0.541000, -8.188000);
	ctx.bezierCurveTo(-0.496000, -9.714000, 0.427000, -10.644000, 1.749000, -11.195000);
	ctx.bezierCurveTo(2.268000, -11.412000, 2.889000, -11.412000, 3.407000, -11.195000);
	ctx.bezierCurveTo(4.734000, -10.642000, 5.653000, -9.695000, 5.697000, -8.188000);
	ctx.bezierCurveTo(5.778000, -5.444000, 5.197000, -2.744000, 5.156000, 0.000000);
	ctx.bezierCurveTo(5.108000, 3.317000, 0.049000, 3.323000, 0.000000, 0.000000);
	ctx.fill();
	ctx.restore();
	
// #path352
	ctx.save();
	ctx.beginPath();
	ctx.transform(0.548142, 0.000000, 0.000000, -0.386420, 22.896700, 98.228600);
	ctx.fillStyle = 'rgb(255, 250, 232)';
	ctx.moveTo(0.000000, 0.000000);
	ctx.bezierCurveTo(0.274000, -3.563000, 0.108000, -7.663000, 1.216000, -11.076000);
	ctx.bezierCurveTo(2.326000, -14.500000, 7.330000, -13.873000, 7.477000, -10.229000);
	ctx.bezierCurveTo(7.622000, -6.639000, 6.361000, -2.738000, 5.663000, 0.766000);
	ctx.bezierCurveTo(5.034000, 3.922000, -0.250000, 3.252000, 0.000000, 0.000000);
	ctx.fill();
	ctx.restore();
	
// #path354
	ctx.save();
	ctx.beginPath();
	ctx.transform(0.548142, 0.000000, 0.000000, -0.386420, 31.170300, 95.318900);
	ctx.fillStyle = 'rgb(255, 250, 232)';
	ctx.moveTo(0.000000, 0.000000);
	ctx.bezierCurveTo(-0.106000, -3.120000, -0.663000, -6.637000, -0.029000, -9.699000);
	ctx.bezierCurveTo(0.586000, -12.671000, 5.367000, -12.674000, 5.982000, -9.699000);
	ctx.bezierCurveTo(6.616000, -6.636000, 6.059000, -3.117000, 5.953000, 0.000000);
	ctx.bezierCurveTo(5.823000, 3.829000, 0.131000, 3.836000, 0.000000, 0.000000);
	ctx.fill();
	ctx.restore();
	
// #path356
	ctx.save();
	ctx.beginPath();
	ctx.transform(0.548142, 0.000000, 0.000000, -0.386420, 36.233800, 87.937200);
	ctx.fillStyle = 'rgb(255, 250, 232)';
	ctx.moveTo(0.000000, 0.000000);
	ctx.bezierCurveTo(-0.143000, -1.809000, -0.376000, -3.559000, -0.751000, -5.335000);
	ctx.bezierCurveTo(-1.189000, -7.409000, -1.776000, -9.290000, -0.558000, -11.208000);
	ctx.bezierCurveTo(0.276000, -12.521000, 2.397000, -13.439000, 3.803000, -12.352000);
	ctx.bezierCurveTo(5.942000, -10.700000, 6.158000, -8.887000, 6.332000, -6.294000);
	ctx.bezierCurveTo(6.472000, -4.200000, 6.578000, -2.097000, 6.656000, 0.000000);
	ctx.bezierCurveTo(6.818000, 4.320000, 0.333000, 4.222000, 0.000000, 0.000000);
	ctx.fill();
	ctx.restore();
	ctx.restore();

    </script>
</body>
</html>
